order,degree_x,degree_y,coefficient,term
1,1,0,1,X
1,0,1,1,Y
2,1,1,1.0 / 2,"[X, Y]"
3,2,1,1.0 / 12,"[X, [X, Y]]"
3,1,2,1.0 / 12,"[[X, Y], Y]"
4,2,2,1.0 / 24,"[X, [[X, Y], Y]]"
5,4,1,-1.0 / 720,"[X, [X, [X, [X, Y]]]]"
5,3,2,1.0 / 180,"[X, [X, [[X, Y], Y]]]"
5,3,2,1.0 / 360,"[[X, [X, Y]], [X, Y]]"
5,2,3,1.0 / 180,"[X, [[[X, Y], Y], Y]]"
5,2,3,1.0 / 120,"[[X, Y], [[X, Y], Y]]"
5,1,4,-1.0 / 720,"[[[[X, Y], Y], Y], Y]"
6,4,2,-1.0 / 1440,"[X, [X, [X, [[X, Y], Y]]]]"
6,4,2,1.0 / 720,"[X, [[X, [X, Y]], [X, Y]]]"
6,3,3,1.0 / 360,"[X, [X, [[[X, Y], Y], Y]]]"
6,3,3,1.0 / 240,"[X, [[X, Y], [[X, Y], Y]]]"
6,2,4,-1.0 / 1440,"[X, [[[[X, Y], Y], Y], Y]]"
7,6,1,1.0 / 30240,"[X, [X, [X, [X, [X, [X, Y]]]]]]"
7,5,2,-1.0 / 5040,"[X, [X, [X, [X, [[X, Y], Y]]]]]"
7,5,2,1.0 / 10080,"[X, [X, [[X, [X, Y]], [X, Y]]]]"
7,4,3,1.0 / 3780,"[X, [X, [X, [[[X, Y], Y], Y]]]]"
7,5,2,1.0 / 10080,"[[X, [X, [X, Y]]], [X, [X, Y]]]"
7,4,3,1.0 / 1680,"[X, [X, [[X, Y], [[X, Y], Y]]]]"
7,4,3,1.0 / 1260,"[X, [[X, [[X, Y], Y]], [X, Y]]]"
7,3,4,1.0 / 3780,"[X, [X, [[[[X, Y], Y], Y], Y]]]"
7,4,3,1.0 / 2016,"[[X, [X, Y]], [X, [[X, Y], Y]]]"
7,4,3,-1.0 / 5040,"[[[X, [X, Y]], [X, Y]], [X, Y]]"
7,3,4,13.0 / 15120,"[X, [[X, Y], [[[X, Y], Y], Y]]]"
7,3,4,1.0 / 10080,"[[X, [[X, Y], Y]], [[X, Y], Y]]"
7,3,4,-1.0 / 1512,"[[X, [[[X, Y], Y], Y]], [X, Y]]"
7,2,5,-1.0 / 5040,"[X, [[[[[X, Y], Y], Y], Y], Y]]"
7,3,4,1.0 / 1260,"[[X, Y], [[X, Y], [[X, Y], Y]]]"
7,2,5,-1.0 / 2016,"[[X, Y], [[[[X, Y], Y], Y], Y]]"
7,2,5,-1.0 / 5040,"[[[X, Y], Y], [[[X, Y], Y], Y]]"
7,1,6,1.0 / 30240,"[[[[[[X, Y], Y], Y], Y], Y], Y]"
8,6,2,1.0 / 60480,"[X, [X, [X, [X, [X, [[X, Y], Y]]]]]]"
8,6,2,-1.0 / 15120,"[X, [X, [X, [[X, [X, Y]], [X, Y]]]]]"
8,5,3,-1.0 / 10080,"[X, [X, [X, [X, [[[X, Y], Y], Y]]]]]"
8,6,2,1.0 / 20160,"[X, [[X, [X, [X, Y]]], [X, [X, Y]]]]"
8,5,3,-1.0 / 20160,"[X, [X, [X, [[X, Y], [[X, Y], Y]]]]]"
8,5,3,1.0 / 2520,"[X, [X, [[X, [[X, Y], Y]], [X, Y]]]]"
8,4,4,23.0 / 120960,"[X, [X, [X, [[[[X, Y], Y], Y], Y]]]]"
8,5,3,1.0 / 4032,"[X, [[X, [X, Y]], [X, [[X, Y], Y]]]]"
8,5,3,-1.0 / 10080,"[X, [[[X, [X, Y]], [X, Y]], [X, Y]]]"
8,4,4,13.0 / 30240,"[X, [X, [[X, Y], [[[X, Y], Y], Y]]]]"
8,4,4,1.0 / 20160,"[X, [[X, [[X, Y], Y]], [[X, Y], Y]]]"
8,4,4,-1.0 / 3024,"[X, [[X, [[[X, Y], Y], Y]], [X, Y]]]"
8,3,5,-1.0 / 10080,"[X, [X, [[[[[X, Y], Y], Y], Y], Y]]]"
8,4,4,1.0 / 2520,"[X, [[X, Y], [[X, Y], [[X, Y], Y]]]]"
8,3,5,-1.0 / 4032,"[X, [[X, Y], [[[[X, Y], Y], Y], Y]]]"
8,3,5,-1.0 / 10080,"[X, [[[X, Y], Y], [[[X, Y], Y], Y]]]"
8,2,6,1.0 / 60480,"[X, [[[[[[X, Y], Y], Y], Y], Y], Y]]"
9,8,1,-1.0 / 1209600,"[X, [X, [X, [X, [X, [X, [X, [X, Y]]]]]]]]"
9,7,2,1.0 / 151200,"[X, [X, [X, [X, [X, [X, [[X, Y], Y]]]]]]]"
9,7,2,-1.0 / 100800,"[X, [X, [X, [X, [[X, [X, Y]], [X, Y]]]]]]"
9,6,3,-1.0 / 56700,"[X, [X, [X, [X, [X, [[[X, Y], Y], Y]]]]]]"
9,6,3,-1.0 / 43200,"[X, [X, [X, [X, [[X, Y], [[X, Y], Y]]]]]]"
9,6,3,1.0 / 75600,"[X, [X, [X, [[X, [[X, Y], Y]], [X, Y]]]]]"
9,5,4,1.0 / 75600,"[X, [X, [X, [X, [[[[X, Y], Y], Y], Y]]]]]"
9,7,2,1.0 / 302400,"[[X, [X, [X, [X, Y]]]], [X, [X, [X, Y]]]]"
9,6,3,1.0 / 67200,"[X, [X, [[X, [X, Y]], [X, [[X, Y], Y]]]]]"
9,6,3,1.0 / 43200,"[X, [X, [[[X, [X, Y]], [X, Y]], [X, Y]]]]"
9,5,4,11.0 / 302400,"[X, [X, [X, [[X, Y], [[[X, Y], Y], Y]]]]]"
9,6,3,1.0 / 25200,"[X, [[X, [X, [[X, Y], Y]]], [X, [X, Y]]]]"
9,5,4,11.0 / 201600,"[X, [X, [[X, [[X, Y], Y]], [[X, Y], Y]]]]"
9,5,4,11.0 / 151200,"[X, [X, [[X, [[[X, Y], Y], Y]], [X, Y]]]]"
9,4,5,1.0 / 75600,"[X, [X, [X, [[[[[X, Y], Y], Y], Y], Y]]]]"
9,6,3,1.0 / 43200,"[[X, [X, [X, Y]]], [X, [X, [[X, Y], Y]]]]"
9,6,3,1.0 / 37800,"[X, [[X, [X, Y]], [[X, [X, Y]], [X, Y]]]]"
9,5,4,23.0 / 302400,"[X, [[X, [X, Y]], [X, [[[X, Y], Y], Y]]]]"
9,6,3,-1.0 / 30240,"[[X, [[X, [X, Y]], [X, Y]]], [X, [X, Y]]]"
9,5,4,1.0 / 100800,"[X, [X, [[X, Y], [[X, Y], [[X, Y], Y]]]]]"
9,5,4,1.0 / 33600,"[X, [[X, [[X, Y], [[X, Y], Y]]], [X, Y]]]"
9,4,5,1.0 / 20160,"[X, [X, [[X, Y], [[[[X, Y], Y], Y], Y]]]]"
9,5,4,1.0 / 67200,"[[X, [X, [[X, Y], Y]]], [X, [[X, Y], Y]]]"
9,5,4,-17.0 / 100800,"[X, [[[X, [[X, Y], Y]], [X, Y]], [X, Y]]]"
9,4,5,1.0 / 30240,"[X, [X, [[[X, Y], Y], [[[X, Y], Y], Y]]]]"
9,5,4,-1.0 / 21600,"[[X, [X, [[[X, Y], Y], Y]]], [X, [X, Y]]]"
9,4,5,-1.0 / 15120,"[X, [[X, [[[X, Y], Y], Y]], [[X, Y], Y]]]"
9,4,5,-1.0 / 7560,"[X, [[X, [[[[X, Y], Y], Y], Y]], [X, Y]]]"
9,3,6,-1.0 / 56700,"[X, [X, [[[[[[X, Y], Y], Y], Y], Y], Y]]]"
9,5,4,1.0 / 25200,"[[X, [X, Y]], [X, [[X, Y], [[X, Y], Y]]]]"
9,5,4,-1.0 / 8400,"[[X, [X, Y]], [[X, [[X, Y], Y]], [X, Y]]]"
9,4,5,-1.0 / 17280,"[[X, [X, Y]], [X, [[[[X, Y], Y], Y], Y]]]"
9,5,4,-1.0 / 25200,"[[[X, [X, Y]], [X, Y]], [X, [[X, Y], Y]]]"
9,5,4,1.0 / 50400,"[[[[X, [X, Y]], [X, Y]], [X, Y]], [X, Y]]"
9,4,5,1.0 / 6048,"[X, [[X, Y], [[X, Y], [[[X, Y], Y], Y]]]]"
9,4,5,-1.0 / 20160,"[X, [[[X, Y], [[X, Y], Y]], [[X, Y], Y]]]"
9,4,5,-1.0 / 10080,"[[X, [[X, Y], [[[X, Y], Y], Y]]], [X, Y]]"
9,3,6,-23.0 / 302400,"[X, [[X, Y], [[[[[X, Y], Y], Y], Y], Y]]]"
9,4,5,1.0 / 60480,"[[X, [[X, Y], Y]], [X, [[[X, Y], Y], Y]]]"
9,4,5,1.0 / 20160,"[[X, [[X, Y], Y]], [[X, Y], [[X, Y], Y]]]"
9,4,5,1.0 / 20160,"[[[X, [[X, Y], Y]], [[X, Y], Y]], [X, Y]]"
9,3,6,-11.0 / 120960,"[X, [[[X, Y], Y], [[[[X, Y], Y], Y], Y]]]"
9,4,5,1.0 / 10080,"[[[X, [[[X, Y], Y], Y]], [X, Y]], [X, Y]]"
9,3,6,1.0 / 90720,"[[X, [[[X, Y], Y], Y]], [[[X, Y], Y], Y]]"
9,3,6,1.0 / 60480,"[[X, [[[[X, Y], Y], Y], Y]], [[X, Y], Y]]"
9,3,6,1.0 / 21600,"[[X, [[[[[X, Y], Y], Y], Y], Y]], [X, Y]]"
9,2,7,1.0 / 151200,"[X, [[[[[[[X, Y], Y], Y], Y], Y], Y], Y]]"
9,4,5,1.0 / 10080,"[[X, Y], [[X, Y], [[X, Y], [[X, Y], Y]]]]"
9,3,6,-1.0 / 7560,"[[X, Y], [[X, Y], [[[[X, Y], Y], Y], Y]]]"
9,3,6,-1.0 / 15120,"[[X, Y], [[[X, Y], Y], [[[X, Y], Y], Y]]]"
9,3,6,1.0 / 15120,"[[[X, Y], [[[X, Y], Y], Y]], [[X, Y], Y]]"
9,2,7,1.0 / 43200,"[[X, Y], [[[[[[X, Y], Y], Y], Y], Y], Y]]"
9,2,7,1.0 / 33600,"[[[X, Y], Y], [[[[[X, Y], Y], Y], Y], Y]]"
9,2,7,1.0 / 60480,"[[[[X, Y], Y], Y], [[[[X, Y], Y], Y], Y]]"
9,1,8,-1.0 / 1209600,"[[[[[[[[X, Y], Y], Y], Y], Y], Y], Y], Y]"
10,8,2,-1.0 / 2419200,"[X, [X, [X, [X, [X, [X, [X, [[X, Y], Y]]]]]]]]"
10,8,2,1.0 / 403200,"[X, [X, [X, [X, [X, [[X, [X, Y]], [X, Y]]]]]]]"
10,7,3,1.0 / 302400,"[X, [X, [X, [X, [X, [X, [[[X, Y], Y], Y]]]]]]]"
10,8,2,-1.0 / 241920,"[X, [X, [X, [[X, [X, [X, Y]]], [X, [X, Y]]]]]]"
10,7,3,-1.0 / 604800,"[X, [X, [X, [X, [X, [[X, Y], [[X, Y], Y]]]]]]]"
10,7,3,-1.0 / 37800,"[X, [X, [X, [X, [[X, [[X, Y], Y]], [X, Y]]]]]]"
10,6,4,-37.0 / 3628800,"[X, [X, [X, [X, [X, [[[[X, Y], Y], Y], Y]]]]]]"
10,8,2,1.0 / 604800,"[X, [[X, [X, [X, [X, Y]]]], [X, [X, [X, Y]]]]]"
10,7,3,-1.0 / 75600,"[X, [X, [X, [[X, [X, Y]], [X, [[X, Y], Y]]]]]]"
10,7,3,1.0 / 50400,"[X, [X, [X, [[[X, [X, Y]], [X, Y]], [X, Y]]]]]"
10,6,4,-1.0 / 56700,"[X, [X, [X, [X, [[X, Y], [[[X, Y], Y], Y]]]]]]"
10,7,3,1.0 / 50400,"[X, [X, [[X, [X, [[X, Y], Y]]], [X, [X, Y]]]]]"
10,6,4,1.0 / 43200,"[X, [X, [X, [[X, [[X, Y], Y]], [[X, Y], Y]]]]]"
10,6,4,29.0 / 453600,"[X, [X, [X, [[X, [[[X, Y], Y], Y]], [X, Y]]]]]"
10,5,5,1.0 / 67200,"[X, [X, [X, [X, [[[[[X, Y], Y], Y], Y], Y]]]]]"
10,7,3,1.0 / 86400,"[X, [[X, [X, [X, Y]]], [X, [X, [[X, Y], Y]]]]]"
10,7,3,1.0 / 75600,"[X, [X, [[X, [X, Y]], [[X, [X, Y]], [X, Y]]]]]"
10,6,4,23.0 / 604800,"[X, [X, [[X, [X, Y]], [X, [[[X, Y], Y], Y]]]]]"
10,7,3,-1.0 / 60480,"[X, [[X, [[X, [X, Y]], [X, Y]]], [X, [X, Y]]]]"
10,6,4,-17.0 / 604800,"[X, [X, [X, [[X, Y], [[X, Y], [[X, Y], Y]]]]]]"
10,6,4,1.0 / 67200,"[X, [X, [[X, [[X, Y], [[X, Y], Y]]], [X, Y]]]]"
10,5,5,11.0 / 241920,"[X, [X, [X, [[X, Y], [[[[X, Y], Y], Y], Y]]]]]"
10,6,4,1.0 / 134400,"[X, [[X, [X, [[X, Y], Y]]], [X, [[X, Y], Y]]]]"
10,6,4,-17.0 / 201600,"[X, [X, [[[X, [[X, Y], Y]], [X, Y]], [X, Y]]]]"
10,5,5,1.0 / 40320,"[X, [X, [X, [[[X, Y], Y], [[[X, Y], Y], Y]]]]]"
10,6,4,-1.0 / 43200,"[X, [[X, [X, [[[X, Y], Y], Y]]], [X, [X, Y]]]]"
10,5,5,-1.0 / 30240,"[X, [X, [[X, [[[X, Y], Y], Y]], [[X, Y], Y]]]]"
10,5,5,-1.0 / 15120,"[X, [X, [[X, [[[[X, Y], Y], Y], Y]], [X, Y]]]]"
10,4,6,-37.0 / 3628800,"[X, [X, [X, [[[[[[X, Y], Y], Y], Y], Y], Y]]]]"
10,6,4,1.0 / 50400,"[X, [[X, [X, Y]], [X, [[X, Y], [[X, Y], Y]]]]]"
10,6,4,-1.0 / 16800,"[X, [[X, [X, Y]], [[X, [[X, Y], Y]], [X, Y]]]]"
10,5,5,-1.0 / 34560,"[X, [[X, [X, Y]], [X, [[[[X, Y], Y], Y], Y]]]]"
10,6,4,-1.0 / 50400,"[X, [[[X, [X, Y]], [X, Y]], [X, [[X, Y], Y]]]]"
10,6,4,1.0 / 100800,"[X, [[[[X, [X, Y]], [X, Y]], [X, Y]], [X, Y]]]"
10,5,5,1.0 / 12096,"[X, [X, [[X, Y], [[X, Y], [[[X, Y], Y], Y]]]]]"
10,5,5,-1.0 / 40320,"[X, [X, [[[X, Y], [[X, Y], Y]], [[X, Y], Y]]]]"
10,5,5,-1.0 / 20160,"[X, [[X, [[X, Y], [[[X, Y], Y], Y]]], [X, Y]]]"
10,4,6,-23.0 / 604800,"[X, [X, [[X, Y], [[[[[X, Y], Y], Y], Y], Y]]]]"
10,5,5,1.0 / 120960,"[X, [[X, [[X, Y], Y]], [X, [[[X, Y], Y], Y]]]]"
10,5,5,1.0 / 40320,"[X, [[X, [[X, Y], Y]], [[X, Y], [[X, Y], Y]]]]"
10,5,5,1.0 / 40320,"[X, [[[X, [[X, Y], Y]], [[X, Y], Y]], [X, Y]]]"
10,4,6,-11.0 / 241920,"[X, [X, [[[X, Y], Y], [[[[X, Y], Y], Y], Y]]]]"
10,5,5,1.0 / 20160,"[X, [[[X, [[[X, Y], Y], Y]], [X, Y]], [X, Y]]]"
10,4,6,1.0 / 181440,"[X, [[X, [[[X, Y], Y], Y]], [[[X, Y], Y], Y]]]"
10,4,6,1.0 / 120960,"[X, [[X, [[[[X, Y], Y], Y], Y]], [[X, Y], Y]]]"
10,4,6,1.0 / 43200,"[X, [[X, [[[[[X, Y], Y], Y], Y], Y]], [X, Y]]]"
10,3,7,1.0 / 302400,"[X, [X, [[[[[[[X, Y], Y], Y], Y], Y], Y], Y]]]"
10,5,5,1.0 / 20160,"[X, [[X, Y], [[X, Y], [[X, Y], [[X, Y], Y]]]]]"
10,4,6,-1.0 / 15120,"[X, [[X, Y], [[X, Y], [[[[X, Y], Y], Y], Y]]]]"
10,4,6,-1.0 / 30240,"[X, [[X, Y], [[[X, Y], Y], [[[X, Y], Y], Y]]]]"
10,4,6,1.0 / 30240,"[X, [[[X, Y], [[[X, Y], Y], Y]], [[X, Y], Y]]]"
10,3,7,1.0 / 86400,"[X, [[X, Y], [[[[[[X, Y], Y], Y], Y], Y], Y]]]"
10,3,7,1.0 / 67200,"[X, [[[X, Y], Y], [[[[[X, Y], Y], Y], Y], Y]]]"
10,3,7,1.0 / 120960,"[X, [[[[X, Y], Y], Y], [[[[X, Y], Y], Y], Y]]]"
10,2,8,-1.0 / 2419200,"[X, [[[[[[[[X, Y], Y], Y], Y], Y], Y], Y], Y]]"
11,10,1,1.0 / 47900160,"[X, [X, [X, [X, [X, [X, [X, [X, [X, [X, Y]]]]]]]]]]"
11,9,2,-1.0 / 4790016,"[X, [X, [X, [X, [X, [X, [X, [X, [[X, Y], Y]]]]]]]]]"
11,9,2,5.0 / 9580032,"[X, [X, [X, [X, [X, [X, [[X, [X, Y]], [X, Y]]]]]]]]"
11,8,3,1.0 / 1247400,"[X, [X, [X, [X, [X, [X, [X, [[[X, Y], Y], Y]]]]]]]]"
11,9,2,-31.0 / 79833600,"[X, [X, [X, [X, [[X, [X, [X, Y]]], [X, [X, Y]]]]]]]"
11,8,3,1.0 / 2217600,"[X, [X, [X, [X, [X, [X, [[X, Y], [[X, Y], Y]]]]]]]]"
11,8,3,-1.0 / 332640,"[X, [X, [X, [X, [X, [[X, [[X, Y], Y]], [X, Y]]]]]]]"
11,7,4,-1.0 / 712800,"[X, [X, [X, [X, [X, [X, [[[[X, Y], Y], Y], Y]]]]]]]"
11,9,2,-17.0 / 119750400,"[X, [X, [[X, [X, [X, [X, Y]]]], [X, [X, [X, Y]]]]]]"
11,8,3,-1.0 / 492800,"[X, [X, [X, [X, [[X, [X, Y]], [X, [[X, Y], Y]]]]]]]"
11,8,3,1.0 / 2217600,"[X, [X, [X, [X, [[[X, [X, Y]], [X, Y]], [X, Y]]]]]]"
11,7,4,-1.0 / 316800,"[X, [X, [X, [X, [X, [[X, Y], [[[X, Y], Y], Y]]]]]]]"
11,8,3,-1.0 / 1663200,"[X, [X, [X, [[X, [X, [[X, Y], Y]]], [X, [X, Y]]]]]]"
11,7,4,-1.0 / 1900800,"[X, [X, [X, [X, [[X, [[X, Y], Y]], [[X, Y], Y]]]]]]"
11,7,4,1.0 / 475200,"[X, [X, [X, [X, [[X, [[[X, Y], Y], Y]], [X, Y]]]]]]"
11,6,5,1.0 / 1247400,"[X, [X, [X, [X, [X, [[[[[X, Y], Y], Y], Y], Y]]]]]]"
11,9,2,1.0 / 9580032,"[[X, [X, [X, [X, [X, Y]]]]], [X, [X, [X, [X, Y]]]]]"
11,8,3,-1.0 / 3326400,"[X, [X, [[X, [X, [X, Y]]], [X, [X, [[X, Y], Y]]]]]]"
11,8,3,1.0 / 1108800,"[X, [X, [X, [[X, [X, Y]], [[X, [X, Y]], [X, Y]]]]]]"
11,7,4,1.0 / 3326400,"[X, [X, [X, [[X, [X, Y]], [X, [[[X, Y], Y], Y]]]]]]"
11,8,3,19.0 / 3326400,"[X, [X, [[X, [[X, [X, Y]], [X, Y]]], [X, [X, Y]]]]]"
11,7,4,-1.0 / 1663200,"[X, [X, [X, [X, [[X, Y], [[X, Y], [[X, Y], Y]]]]]]]"
11,7,4,13.0 / 1663200,"[X, [X, [X, [[X, [[X, Y], [[X, Y], Y]]], [X, Y]]]]]"
11,6,5,23.0 / 7983360,"[X, [X, [X, [X, [[X, Y], [[[[X, Y], Y], Y], Y]]]]]]"
11,8,3,1.0 / 554400,"[X, [[X, [X, [X, [[X, Y], Y]]]], [X, [X, [X, Y]]]]]"
11,7,4,1.0 / 369600,"[X, [X, [[X, [X, [[X, Y], Y]]], [X, [[X, Y], Y]]]]]"
11,7,4,7.0 / 475200,"[X, [X, [X, [[[X, [[X, Y], Y]], [X, Y]], [X, Y]]]]]"
11,6,5,97.0 / 19958400,"[X, [X, [X, [X, [[[X, Y], Y], [[[X, Y], Y], Y]]]]]]"
11,7,4,1.0 / 158400,"[X, [X, [[X, [X, [[[X, Y], Y], Y]]], [X, [X, Y]]]]]"
11,6,5,23.0 / 1995840,"[X, [X, [X, [[X, [[[X, Y], Y], Y]], [[X, Y], Y]]]]]"
11,6,5,1.0 / 124740,"[X, [X, [X, [[X, [[[[X, Y], Y], Y], Y]], [X, Y]]]]]"
11,5,6,1.0 / 1247400,"[X, [X, [X, [X, [[[[[[X, Y], Y], Y], Y], Y], Y]]]]]"
11,8,3,1.0 / 1064448,"[[X, [X, [X, [X, Y]]]], [X, [X, [X, [[X, Y], Y]]]]]"
11,8,3,37.0 / 13305600,"[X, [[X, [X, [X, Y]]], [X, [[X, [X, Y]], [X, Y]]]]]"
11,7,4,101.0 / 19958400,"[X, [[X, [X, [X, Y]]], [X, [X, [[[X, Y], Y], Y]]]]]"
11,8,3,-31.0 / 13305600,"[X, [[[X, [X, [X, Y]]], [X, [X, Y]]], [X, [X, Y]]]]"
11,7,4,1.0 / 369600,"[X, [X, [[X, [X, Y]], [X, [[X, Y], [[X, Y], Y]]]]]]"
11,7,4,61.0 / 3326400,"[X, [X, [[X, [X, Y]], [[X, [[X, Y], Y]], [X, Y]]]]]"
11,6,5,41.0 / 5322240,"[X, [X, [[X, [X, Y]], [X, [[[[X, Y], Y], Y], Y]]]]]"
11,8,3,-23.0 / 13305600,"[[X, [X, [[X, [X, Y]], [X, Y]]]], [X, [X, [X, Y]]]]"
11,7,4,1.0 / 739200,"[X, [X, [[[X, [X, Y]], [X, Y]], [X, [[X, Y], Y]]]]]"
11,7,4,-1.0 / 118800,"[X, [X, [[[[X, [X, Y]], [X, Y]], [X, Y]], [X, Y]]]]"
11,6,5,-1.0 / 19958400,"[X, [X, [X, [[X, Y], [[X, Y], [[[X, Y], Y], Y]]]]]]"
11,7,4,-1.0 / 6652800,"[X, [[X, [X, [[X, Y], [[X, Y], Y]]]], [X, [X, Y]]]]"
11,6,5,61.0 / 13305600,"[X, [X, [X, [[[X, Y], [[X, Y], Y]], [[X, Y], Y]]]]]"
11,6,5,61.0 / 6652800,"[X, [X, [[X, [[X, Y], [[[X, Y], Y], Y]]], [X, Y]]]]"
11,5,6,7.0 / 1900800,"[X, [X, [X, [[X, Y], [[[[[X, Y], Y], Y], Y], Y]]]]]"
11,7,4,13.0 / 13305600,"[[X, [X, [X, [[X, Y], Y]]]], [X, [X, [[X, Y], Y]]]]"
11,7,4,-41.0 / 6652800,"[X, [[X, [X, [[X, Y], Y]]], [[X, [X, Y]], [X, Y]]]]"
11,6,5,73.0 / 13305600,"[X, [X, [[X, [[X, Y], Y]], [X, [[[X, Y], Y], Y]]]]]"
11,7,4,-103.0 / 3326400,"[X, [[X, [[X, [[X, Y], Y]], [X, Y]]], [X, [X, Y]]]]"
11,6,5,-137.0 / 13305600,"[X, [X, [[X, [[X, Y], Y]], [[X, Y], [[X, Y], Y]]]]]"
11,6,5,-493.0 / 13305600,"[X, [X, [[[X, [[X, Y], Y]], [[X, Y], Y]], [X, Y]]]]"
11,5,6,17.0 / 5322240,"[X, [X, [X, [[[X, Y], Y], [[[[X, Y], Y], Y], Y]]]]]"
11,7,4,-1.0 / 399168,"[[X, [X, [X, [[[X, Y], Y], Y]]]], [X, [X, [X, Y]]]]"
11,6,5,-1.0 / 665280,"[X, [[X, [X, [[[X, Y], Y], Y]]], [X, [[X, Y], Y]]]]"
11,6,5,-277.0 / 6652800,"[X, [X, [[[X, [[[X, Y], Y], Y]], [X, Y]], [X, Y]]]]"
11,5,6,-31.0 / 3991680,"[X, [X, [[X, [[[X, Y], Y], Y]], [[[X, Y], Y], Y]]]]"
11,6,5,-1.0 / 83160,"[X, [[X, [X, [[[[X, Y], Y], Y], Y]]], [X, [X, Y]]]]"
11,5,6,-47.0 / 2661120,"[X, [X, [[X, [[[[X, Y], Y], Y], Y]], [[X, Y], Y]]]]"
11,5,6,-37.0 / 2217600,"[X, [X, [[X, [[[[[X, Y], Y], Y], Y], Y]], [X, Y]]]]"
11,4,7,-1.0 / 712800,"[X, [X, [X, [[[[[[[X, Y], Y], Y], Y], Y], Y], Y]]]]"
11,8,3,-1.0 / 887040,"[[X, [X, [X, Y]]], [[X, [X, [X, Y]]], [X, [X, Y]]]]"
11,7,4,1.0 / 831600,"[[X, [X, [X, Y]]], [X, [X, [[X, Y], [[X, Y], Y]]]]]"
11,7,4,-17.0 / 1663200,"[[X, [X, [X, Y]]], [X, [[X, [[X, Y], Y]], [X, Y]]]]"
11,6,5,-1.0 / 228096,"[[X, [X, [X, Y]]], [X, [X, [[[[X, Y], Y], Y], Y]]]]"
11,7,4,1.0 / 103950,"[X, [[X, [X, Y]], [[X, [X, Y]], [X, [[X, Y], Y]]]]]"
11,7,4,-1.0 / 73920,"[X, [[X, [X, Y]], [[[X, [X, Y]], [X, Y]], [X, Y]]]]"
11,6,5,131.0 / 9979200,"[X, [[X, [X, Y]], [X, [[X, Y], [[[X, Y], Y], Y]]]]]"
11,7,4,-1.0 / 184800,"[[X, [[X, [X, Y]], [X, [[X, Y], Y]]]], [X, [X, Y]]]"
11,6,5,-1.0 / 52800,"[X, [[X, [X, Y]], [[X, [[X, Y], Y]], [[X, Y], Y]]]]"
11,6,5,-509.0 / 9979200,"[X, [[X, [X, Y]], [[X, [[[X, Y], Y], Y]], [X, Y]]]]"
11,5,6,-31.0 / 2661120,"[X, [[X, [X, Y]], [X, [[[[[X, Y], Y], Y], Y], Y]]]]"
11,7,4,-1.0 / 415800,"[[X, [[X, [X, Y]], [X, Y]]], [X, [X, [[X, Y], Y]]]]"
11,7,4,1.0 / 332640,"[[X, [[X, [X, Y]], [X, Y]]], [[X, [X, Y]], [X, Y]]]"
11,6,5,-1.0 / 69300,"[X, [[[X, [X, Y]], [X, Y]], [X, [[[X, Y], Y], Y]]]]"
11,7,4,13.0 / 1663200,"[[X, [[[X, [X, Y]], [X, Y]], [X, Y]]], [X, [X, Y]]]"
11,6,5,1.0 / 6652800,"[X, [X, [[X, Y], [[X, Y], [[X, Y], [[X, Y], Y]]]]]]"
11,6,5,13.0 / 415800,"[X, [[X, [[X, Y], [[X, Y], [[X, Y], Y]]]], [X, Y]]]"
11,5,6,43.0 / 2661120,"[X, [X, [[X, Y], [[X, Y], [[[[X, Y], Y], Y], Y]]]]]"
11,6,5,-1.0 / 950400,"[X, [[X, [[X, Y], [[X, Y], Y]]], [X, [[X, Y], Y]]]]"
11,6,5,13.0 / 1108800,"[X, [[[X, [[X, Y], [[X, Y], Y]]], [X, Y]], [X, Y]]]"
11,5,6,1.0 / 190080,"[X, [X, [[X, Y], [[[X, Y], Y], [[[X, Y], Y], Y]]]]]"
11,6,5,-73.0 / 9979200,"[[X, [X, [[X, Y], [[[X, Y], Y], Y]]]], [X, [X, Y]]]"
11,5,6,-23.0 / 665280,"[X, [X, [[[X, Y], [[[X, Y], Y], Y]], [[X, Y], Y]]]]"
11,5,6,-29.0 / 887040,"[X, [[X, [[X, Y], [[[[X, Y], Y], Y], Y]]], [X, Y]]]"
11,4,7,-7.0 / 950400,"[X, [X, [[X, Y], [[[[[[X, Y], Y], Y], Y], Y], Y]]]]"
11,6,5,7.0 / 2851200,"[[X, [X, [[X, Y], Y]]], [X, [X, [[[X, Y], Y], Y]]]]"
11,7,4,1.0 / 277200,"[[[X, [X, [[X, Y], Y]]], [X, [X, Y]]], [X, [X, Y]]]"
11,6,5,1.0 / 266112,"[[X, [X, [[X, Y], Y]]], [X, [[X, Y], [[X, Y], Y]]]]"
11,6,5,-1.0 / 221760,"[X, [[X, [[X, Y], Y]], [[X, [[X, Y], Y]], [X, Y]]]]"
11,5,6,-31.0 / 5322240,"[X, [[X, [[X, Y], Y]], [X, [[[[X, Y], Y], Y], Y]]]]"
11,6,5,1.0 / 3326400,"[[X, [[X, [[X, Y], Y]], [X, Y]]], [X, [[X, Y], Y]]]"
11,6,5,37.0 / 831600,"[X, [[[[X, [[X, Y], Y]], [X, Y]], [X, Y]], [X, Y]]]"
11,5,6,-1.0 / 443520,"[X, [[X, [[X, Y], Y]], [[X, Y], [[[X, Y], Y], Y]]]]"
11,6,5,53.0 / 6652800,"[[X, [[X, [[X, Y], Y]], [[X, Y], Y]]], [X, [X, Y]]]"
11,5,6,29.0 / 2661120,"[X, [[[X, [[X, Y], Y]], [[X, Y], Y]], [[X, Y], Y]]]"
11,5,6,-1.0 / 190080,"[X, [[X, [[[X, Y], Y], [[[X, Y], Y], Y]]], [X, Y]]]"
11,4,7,-89.0 / 6652800,"[X, [X, [[[X, Y], Y], [[[[[X, Y], Y], Y], Y], Y]]]]"
11,6,5,53.0 / 9979200,"[[X, [X, [[[X, Y], Y], Y]]], [[X, [X, Y]], [X, Y]]]"
11,5,6,1.0 / 798336,"[[X, [X, [[[X, Y], Y], Y]]], [X, [[[X, Y], Y], Y]]]"
11,6,5,29.0 / 1247400,"[[X, [[X, [[[X, Y], Y], Y]], [X, Y]]], [X, [X, Y]]]"
11,5,6,5.0 / 266112,"[X, [[X, [[[X, Y], Y], Y]], [[X, Y], [[X, Y], Y]]]]"
11,5,6,1.0 / 14784,"[X, [[[X, [[[X, Y], Y], Y]], [[X, Y], Y]], [X, Y]]]"
11,4,7,-1.0 / 190080,"[X, [X, [[[[X, Y], Y], Y], [[[[X, Y], Y], Y], Y]]]]"
11,5,6,-1.0 / 887040,"[[X, [X, [[[[X, Y], Y], Y], Y]]], [X, [[X, Y], Y]]]"
11,5,6,109.0 / 2661120,"[X, [[[X, [[[[X, Y], Y], Y], Y]], [X, Y]], [X, Y]]]"
11,4,7,19.0 / 1995840,"[X, [[X, [[[[X, Y], Y], Y], Y]], [[[X, Y], Y], Y]]]"
11,5,6,1.0 / 190080,"[[X, [X, [[[[[X, Y], Y], Y], Y], Y]]], [X, [X, Y]]]"
11,4,7,37.0 / 3326400,"[X, [[X, [[[[[X, Y], Y], Y], Y], Y]], [[X, Y], Y]]]"
11,4,7,1.0 / 89100,"[X, [[X, [[[[[[X, Y], Y], Y], Y], Y], Y]], [X, Y]]]"
11,3,8,1.0 / 1247400,"[X, [X, [[[[[[[[X, Y], Y], Y], Y], Y], Y], Y], Y]]]"
11,7,4,-19.0 / 3326400,"[[X, [X, Y]], [[X, [X, Y]], [[X, [X, Y]], [X, Y]]]]"
11,6,5,-43.0 / 3326400,"[[X, [X, Y]], [[X, [X, Y]], [X, [[[X, Y], Y], Y]]]]"
11,6,5,1.0 / 79200,"[[X, [X, Y]], [X, [[X, Y], [[X, Y], [[X, Y], Y]]]]]"
11,6,5,1.0 / 831600,"[[X, [X, Y]], [[X, [[X, Y], [[X, Y], Y]]], [X, Y]]]"
11,5,6,-1.0 / 66528,"[[X, [X, Y]], [X, [[X, Y], [[[[X, Y], Y], Y], Y]]]]"
11,6,5,-1.0 / 1663200,"[[[X, [X, Y]], [X, [[X, Y], Y]]], [X, [[X, Y], Y]]]"
11,6,5,137.0 / 3326400,"[[X, [X, Y]], [[[X, [[X, Y], Y]], [X, Y]], [X, Y]]]"
11,5,6,-1.0 / 221760,"[[X, [X, Y]], [X, [[[X, Y], Y], [[[X, Y], Y], Y]]]]"
11,5,6,1.0 / 44352,"[[X, [X, Y]], [[X, [[[X, Y], Y], Y]], [[X, Y], Y]]]"
11,5,6,1.0 / 33264,"[[X, [X, Y]], [[X, [[[[X, Y], Y], Y], Y]], [X, Y]]]"
11,4,7,1.0 / 228096,"[[X, [X, Y]], [X, [[[[[[X, Y], Y], Y], Y], Y], Y]]]"
11,6,5,-1.0 / 277200,"[[[X, [X, Y]], [X, Y]], [X, [[X, Y], [[X, Y], Y]]]]"
11,6,5,29.0 / 1663200,"[[[X, [X, Y]], [X, Y]], [[X, [[X, Y], Y]], [X, Y]]]"
11,5,6,1.0 / 110880,"[[[X, [X, Y]], [X, Y]], [X, [[[[X, Y], Y], Y], Y]]]"
11,6,5,1.0 / 475200,"[[[[X, [X, Y]], [X, Y]], [X, Y]], [X, [[X, Y], Y]]]"
11,6,5,-1.0 / 332640,"[[[[[X, [X, Y]], [X, Y]], [X, Y]], [X, Y]], [X, Y]]"
11,5,6,5.0 / 133056,"[X, [[X, Y], [[X, Y], [[X, Y], [[[X, Y], Y], Y]]]]]"
11,5,6,-43.0 / 1330560,"[X, [[X, Y], [[[X, Y], [[X, Y], Y]], [[X, Y], Y]]]]"
11,5,6,-1.0 / 36960,"[[X, [[X, Y], [[X, Y], [[[X, Y], Y], Y]]]], [X, Y]]"
11,4,7,-181.0 / 6652800,"[X, [[X, Y], [[X, Y], [[[[[X, Y], Y], Y], Y], Y]]]]"
11,5,6,1.0 / 221760,"[[X, [[X, Y], [[X, Y], Y]]], [X, [[[X, Y], Y], Y]]]"
11,5,6,1.0 / 1330560,"[[X, [[X, Y], [[X, Y], Y]]], [[X, Y], [[X, Y], Y]]]"
11,5,6,1.0 / 83160,"[[X, [[[X, Y], [[X, Y], Y]], [[X, Y], Y]]], [X, Y]]"
11,4,7,-83.0 / 2661120,"[X, [[X, Y], [[[X, Y], Y], [[[[X, Y], Y], Y], Y]]]]"
11,5,6,-1.0 / 665280,"[[X, [[X, Y], [[[X, Y], Y], Y]]], [X, [[X, Y], Y]]]"
11,5,6,1.0 / 83160,"[[[X, [[X, Y], [[[X, Y], Y], Y]]], [X, Y]], [X, Y]]"
11,4,7,31.0 / 1995840,"[X, [[[X, Y], [[[X, Y], Y], Y]], [[[X, Y], Y], Y]]]"
11,4,7,47.0 / 1330560,"[X, [[[X, Y], [[[[X, Y], Y], Y], Y]], [[X, Y], Y]]]"
11,4,7,107.0 / 6652800,"[[X, [[X, Y], [[[[[X, Y], Y], Y], Y], Y]]], [X, Y]]"
11,3,8,89.0 / 19958400,"[X, [[X, Y], [[[[[[[X, Y], Y], Y], Y], Y], Y], Y]]]"
11,5,6,1.0 / 332640,"[[X, [[X, Y], Y]], [[X, [[X, Y], Y]], [[X, Y], Y]]]"
11,5,6,1.0 / 221760,"[[X, [[X, Y], Y]], [[X, [[[X, Y], Y], Y]], [X, Y]]]"
11,4,7,1.0 / 887040,"[[X, [[X, Y], Y]], [X, [[[[[X, Y], Y], Y], Y], Y]]]"
11,5,6,1.0 / 332640,"[[[X, [[X, Y], Y]], [X, Y]], [X, [[[X, Y], Y], Y]]]"
11,5,6,-1.0 / 166320,"[[X, [[X, Y], Y]], [[X, Y], [[X, Y], [[X, Y], Y]]]]"
11,5,6,-1.0 / 47520,"[[[X, [[X, Y], Y]], [[X, Y], [[X, Y], Y]]], [X, Y]]"
11,4,7,1.0 / 380160,"[[X, [[X, Y], Y]], [[X, Y], [[[[X, Y], Y], Y], Y]]]"
11,5,6,-17.0 / 665280,"[[[[X, [[X, Y], Y]], [[X, Y], Y]], [X, Y]], [X, Y]]"
11,4,7,-29.0 / 1330560,"[X, [[[X, Y], Y], [[[X, Y], Y], [[[X, Y], Y], Y]]]]"
11,4,7,-1.0 / 266112,"[[X, [[[X, Y], Y], [[[X, Y], Y], Y]]], [[X, Y], Y]]"
11,4,7,47.0 / 2661120,"[[X, [[[X, Y], Y], [[[[X, Y], Y], Y], Y]]], [X, Y]]"
11,3,8,53.0 / 5702400,"[X, [[[X, Y], Y], [[[[[[X, Y], Y], Y], Y], Y], Y]]]"
11,4,7,13.0 / 7983360,"[[X, [[[X, Y], Y], Y]], [X, [[[[X, Y], Y], Y], Y]]]"
11,5,6,-1.0 / 47520,"[[[[X, [[[X, Y], Y], Y]], [X, Y]], [X, Y]], [X, Y]]"
11,4,7,-1.0 / 665280,"[[X, [[[X, Y], Y], Y]], [[X, Y], [[[X, Y], Y], Y]]]"
11,4,7,-1.0 / 88704,"[[[X, [[[X, Y], Y], Y]], [[X, Y], Y]], [[X, Y], Y]]"
11,4,7,-1.0 / 95040,"[[[X, [[[X, Y], Y], Y]], [[[X, Y], Y], Y]], [X, Y]]"
11,3,8,167.0 / 19958400,"[X, [[[[X, Y], Y], Y], [[[[[X, Y], Y], Y], Y], Y]]]"
11,4,7,-1.0 / 126720,"[[X, [[[[X, Y], Y], Y], Y]], [[X, Y], [[X, Y], Y]]]"
11,4,7,-29.0 / 1330560,"[[[X, [[[[X, Y], Y], Y], Y]], [[X, Y], Y]], [X, Y]]"
11,3,8,-13.0 / 15966720,"[[X, [[[[X, Y], Y], Y], Y]], [[[[X, Y], Y], Y], Y]]"
11,4,7,-83.0 / 6652800,"[[[X, [[[[[X, Y], Y], Y], Y], Y]], [X, Y]], [X, Y]]"
11,3,8,-1.0 / 399168,"[[X, [[[[[X, Y], Y], Y], Y], Y]], [[[X, Y], Y], Y]]"
11,3,8,-7.0 / 2851200,"[[X, [[[[[[X, Y], Y], Y], Y], Y], Y]], [[X, Y], Y]]"
11,3,8,-1.0 / 399168,"[[X, [[[[[[[X, Y], Y], Y], Y], Y], Y], Y]], [X, Y]]"
11,2,9,-1.0 / 4790016,"[X, [[[[[[[[[X, Y], Y], Y], Y], Y], Y], Y], Y], Y]]"
11,5,6,1.0 / 55440,"[[X, Y], [[X, Y], [[X, Y], [[X, Y], [[X, Y], Y]]]]]"
11,4,7,-7.0 / 190080,"[[X, Y], [[X, Y], [[X, Y], [[[[X, Y], Y], Y], Y]]]]"
11,4,7,-1.0 / 73920,"[[X, Y], [[X, Y], [[[X, Y], Y], [[[X, Y], Y], Y]]]]"
11,4,7,17.0 / 332640,"[[X, Y], [[[X, Y], [[[X, Y], Y], Y]], [[X, Y], Y]]]"
11,3,8,1.0 / 89100,"[[X, Y], [[X, Y], [[[[[[X, Y], Y], Y], Y], Y], Y]]]"
11,4,7,1.0 / 95040,"[[[X, Y], [[X, Y], Y]], [[X, Y], [[[X, Y], Y], Y]]]"
11,4,7,-1.0 / 147840,"[[[[X, Y], [[X, Y], Y]], [[X, Y], Y]], [[X, Y], Y]]"
11,3,8,61.0 / 3326400,"[[X, Y], [[[X, Y], Y], [[[[[X, Y], Y], Y], Y], Y]]]"
11,3,8,1.0 / 124740,"[[X, Y], [[[[X, Y], Y], Y], [[[[X, Y], Y], Y], Y]]]"
11,3,8,-19.0 / 1995840,"[[[X, Y], [[[[X, Y], Y], Y], Y]], [[[X, Y], Y], Y]]"
11,3,8,-37.0 / 3326400,"[[[X, Y], [[[[[X, Y], Y], Y], Y], Y]], [[X, Y], Y]]"
11,2,9,-1.0 / 1064448,"[[X, Y], [[[[[[[[X, Y], Y], Y], Y], Y], Y], Y], Y]]"
11,3,8,1.0 / 73920,"[[[X, Y], Y], [[[X, Y], Y], [[[[X, Y], Y], Y], Y]]]"
11,3,8,-1.0 / 199584,"[[[[X, Y], Y], [[[X, Y], Y], Y]], [[[X, Y], Y], Y]]"
11,2,9,-13.0 / 6652800,"[[[X, Y], Y], [[[[[[[X, Y], Y], Y], Y], Y], Y], Y]]"
11,2,9,-7.0 / 2851200,"[[[[X, Y], Y], Y], [[[[[[X, Y], Y], Y], Y], Y], Y]]"
11,2,9,-1.0 / 887040,"[[[[[X, Y], Y], Y], Y], [[[[[X, Y], Y], Y], Y], Y]]"
11,1,10,1.0 / 47900160,"[[[[[[[[[[X, Y], Y], Y], Y], Y], Y], Y], Y], Y], Y]"
12,10,2,1.0 / 95800320,"[X, [X, [X, [X, [X, [X, [X, [X, [X, [[X, Y], Y]]]]]]]]]]"
12,10,2,-1.0 / 11975040,"[X, [X, [X, [X, [X, [X, [X, [[X, [X, Y]], [X, Y]]]]]]]]]"
12,9,3,-1.0 / 9580032,"[X, [X, [X, [X, [X, [X, [X, [X, [[[X, Y], Y], Y]]]]]]]]]"
12,10,2,1.0 / 4561920,"[X, [X, [X, [X, [X, [[X, [X, [X, Y]]], [X, [X, Y]]]]]]]]"
12,9,3,1.0 / 6386688,"[X, [X, [X, [X, [X, [X, [X, [[X, Y], [[X, Y], Y]]]]]]]]]"
12,9,3,1.0 / 798336,"[X, [X, [X, [X, [X, [X, [[X, [[X, Y], Y]], [X, Y]]]]]]]]"
12,8,4,139.0 / 319334400,"[X, [X, [X, [X, [X, [X, [X, [[[[X, Y], Y], Y], Y]]]]]]]]"
12,10,2,-1.0 / 4790016,"[X, [X, [X, [[X, [X, [X, [X, Y]]]], [X, [X, [X, Y]]]]]]]"
12,9,3,23.0 / 53222400,"[X, [X, [X, [X, [X, [[X, [X, Y]], [X, [[X, Y], Y]]]]]]]]"
12,9,3,-5.0 / 3193344,"[X, [X, [X, [X, [X, [[[X, [X, Y]], [X, Y]], [X, Y]]]]]]]"
12,8,4,13.0 / 26611200,"[X, [X, [X, [X, [X, [X, [[X, Y], [[[X, Y], Y], Y]]]]]]]]"
12,9,3,-13.0 / 6652800,"[X, [X, [X, [X, [[X, [X, [[X, Y], Y]]], [X, [X, Y]]]]]]]"
12,8,4,-113.0 / 53222400,"[X, [X, [X, [X, [X, [[X, [[X, Y], Y]], [[X, Y], Y]]]]]]]"
12,8,4,-1.0 / 211200,"[X, [X, [X, [X, [X, [[X, [[[X, Y], Y], Y]], [X, Y]]]]]]]"
12,7,5,-13.0 / 13305600,"[X, [X, [X, [X, [X, [X, [[[[[X, Y], Y], Y], Y], Y]]]]]]]"
12,10,2,1.0 / 19160064,"[X, [[X, [X, [X, [X, [X, Y]]]]], [X, [X, [X, [X, Y]]]]]]"
12,9,3,-89.0 / 79833600,"[X, [X, [X, [[X, [X, [X, Y]]], [X, [X, [[X, Y], Y]]]]]]]"
12,9,3,-13.0 / 19958400,"[X, [X, [X, [X, [[X, [X, Y]], [[X, [X, Y]], [X, Y]]]]]]]"
12,8,4,-241.0 / 79833600,"[X, [X, [X, [X, [[X, [X, Y]], [X, [[[X, Y], Y], Y]]]]]]]"
12,9,3,169.0 / 39916800,"[X, [X, [X, [[X, [[X, [X, Y]], [X, Y]]], [X, [X, Y]]]]]]"
12,8,4,23.0 / 8870400,"[X, [X, [X, [X, [X, [[X, Y], [[X, Y], [[X, Y], Y]]]]]]]]"
12,8,4,71.0 / 26611200,"[X, [X, [X, [X, [[X, [[X, Y], [[X, Y], Y]]], [X, Y]]]]]]"
12,7,5,-43.0 / 15966720,"[X, [X, [X, [X, [X, [[X, Y], [[[[X, Y], Y], Y], Y]]]]]]]"
12,9,3,1.0 / 1108800,"[X, [X, [[X, [X, [X, [[X, Y], Y]]]], [X, [X, [X, Y]]]]]]"
12,8,4,13.0 / 17740800,"[X, [X, [X, [[X, [X, [[X, Y], Y]]], [X, [[X, Y], Y]]]]]]"
12,8,4,383.0 / 26611200,"[X, [X, [X, [X, [[[X, [[X, Y], Y]], [X, Y]], [X, Y]]]]]]"
12,7,5,1.0 / 4435200,"[X, [X, [X, [X, [X, [[[X, Y], Y], [[[X, Y], Y], Y]]]]]]]"
12,8,4,29.0 / 5702400,"[X, [X, [X, [[X, [X, [[[X, Y], Y], Y]]], [X, [X, Y]]]]]]"
12,7,5,17.0 / 1995840,"[X, [X, [X, [X, [[X, [[[X, Y], Y], Y]], [[X, Y], Y]]]]]]"
12,7,5,19.0 / 1995840,"[X, [X, [X, [X, [[X, [[[[X, Y], Y], Y], Y]], [X, Y]]]]]]"
12,6,6,61.0 / 47900160,"[X, [X, [X, [X, [X, [[[[[[X, Y], Y], Y], Y], Y], Y]]]]]]"
12,9,3,1.0 / 2128896,"[X, [[X, [X, [X, [X, Y]]]], [X, [X, [X, [[X, Y], Y]]]]]]"
12,9,3,37.0 / 26611200,"[X, [X, [[X, [X, [X, Y]]], [X, [[X, [X, Y]], [X, Y]]]]]]"
12,8,4,101.0 / 39916800,"[X, [X, [[X, [X, [X, Y]]], [X, [X, [[[X, Y], Y], Y]]]]]]"
12,9,3,-31.0 / 26611200,"[X, [X, [[[X, [X, [X, Y]]], [X, [X, Y]]], [X, [X, Y]]]]]"
12,8,4,-1.0 / 3326400,"[X, [X, [X, [[X, [X, Y]], [X, [[X, Y], [[X, Y], Y]]]]]]]"
12,8,4,47.0 / 3326400,"[X, [X, [X, [[X, [X, Y]], [[X, [[X, Y], Y]], [X, Y]]]]]]"
12,7,5,5.0 / 798336,"[X, [X, [X, [[X, [X, Y]], [X, [[[[X, Y], Y], Y], Y]]]]]]"
12,9,3,-23.0 / 26611200,"[X, [[X, [X, [[X, [X, Y]], [X, Y]]]], [X, [X, [X, Y]]]]]"
12,8,4,31.0 / 13305600,"[X, [X, [X, [[[X, [X, Y]], [X, Y]], [X, [[X, Y], Y]]]]]]"
12,8,4,-67.0 / 13305600,"[X, [X, [X, [[[[X, [X, Y]], [X, Y]], [X, Y]], [X, Y]]]]]"
12,7,5,-23.0 / 3326400,"[X, [X, [X, [X, [[X, Y], [[X, Y], [[[X, Y], Y], Y]]]]]]]"
12,8,4,-1.0 / 13305600,"[X, [X, [[X, [X, [[X, Y], [[X, Y], Y]]]], [X, [X, Y]]]]]"
12,7,5,29.0 / 6652800,"[X, [X, [X, [X, [[[X, Y], [[X, Y], Y]], [[X, Y], Y]]]]]]"
12,7,5,29.0 / 3326400,"[X, [X, [X, [[X, [[X, Y], [[[X, Y], Y], Y]]], [X, Y]]]]]"
12,6,6,1.0 / 199584,"[X, [X, [X, [X, [[X, Y], [[[[[X, Y], Y], Y], Y], Y]]]]]]"
12,8,4,13.0 / 26611200,"[X, [[X, [X, [X, [[X, Y], Y]]]], [X, [X, [[X, Y], Y]]]]]"
12,8,4,-41.0 / 13305600,"[X, [X, [[X, [X, [[X, Y], Y]]], [[X, [X, Y]], [X, Y]]]]]"
12,7,5,41.0 / 19958400,"[X, [X, [X, [[X, [[X, Y], Y]], [X, [[[X, Y], Y], Y]]]]]]"
12,8,4,-103.0 / 6652800,"[X, [X, [[X, [[X, [[X, Y], Y]], [X, Y]]], [X, [X, Y]]]]]"
12,7,5,-1.0 / 138600,"[X, [X, [X, [[X, [[X, Y], Y]], [[X, Y], [[X, Y], Y]]]]]]"
12,7,5,-137.0 / 6652800,"[X, [X, [X, [[[X, [[X, Y], Y]], [[X, Y], Y]], [X, Y]]]]]"
12,6,6,43.0 / 7983360,"[X, [X, [X, [X, [[[X, Y], Y], [[[[X, Y], Y], Y], Y]]]]]]"
12,8,4,-1.0 / 798336,"[X, [[X, [X, [X, [[[X, Y], Y], Y]]]], [X, [X, [X, Y]]]]]"
12,7,5,-1.0 / 1330560,"[X, [X, [[X, [X, [[[X, Y], Y], Y]]], [X, [[X, Y], Y]]]]]"
12,7,5,-83.0 / 3326400,"[X, [X, [X, [[[X, [[[X, Y], Y], Y]], [X, Y]], [X, Y]]]]]"
12,6,6,-13.0 / 2993760,"[X, [X, [X, [[X, [[[X, Y], Y], Y]], [[[X, Y], Y], Y]]]]]"
12,7,5,-1.0 / 166320,"[X, [X, [[X, [X, [[[[X, Y], Y], Y], Y]]], [X, [X, Y]]]]]"
12,6,6,-19.0 / 1995840,"[X, [X, [X, [[X, [[[[X, Y], Y], Y], Y]], [[X, Y], Y]]]]]"
12,6,6,-41.0 / 3991680,"[X, [X, [X, [[X, [[[[[X, Y], Y], Y], Y], Y]], [X, Y]]]]]"
12,5,7,-13.0 / 13305600,"[X, [X, [X, [X, [[[[[[[X, Y], Y], Y], Y], Y], Y], Y]]]]]"
12,9,3,-1.0 / 1774080,"[X, [[X, [X, [X, Y]]], [[X, [X, [X, Y]]], [X, [X, Y]]]]]"
12,8,4,1.0 / 1663200,"[X, [[X, [X, [X, Y]]], [X, [X, [[X, Y], [[X, Y], Y]]]]]]"
12,8,4,-17.0 / 3326400,"[X, [[X, [X, [X, Y]]], [X, [[X, [[X, Y], Y]], [X, Y]]]]]"
12,7,5,-1.0 / 456192,"[X, [[X, [X, [X, Y]]], [X, [X, [[[[X, Y], Y], Y], Y]]]]]"
12,8,4,1.0 / 207900,"[X, [X, [[X, [X, Y]], [[X, [X, Y]], [X, [[X, Y], Y]]]]]]"
12,8,4,-1.0 / 147840,"[X, [X, [[X, [X, Y]], [[[X, [X, Y]], [X, Y]], [X, Y]]]]]"
12,7,5,131.0 / 19958400,"[X, [X, [[X, [X, Y]], [X, [[X, Y], [[[X, Y], Y], Y]]]]]]"
12,8,4,-1.0 / 369600,"[X, [[X, [[X, [X, Y]], [X, [[X, Y], Y]]]], [X, [X, Y]]]]"
12,7,5,-1.0 / 105600,"[X, [X, [[X, [X, Y]], [[X, [[X, Y], Y]], [[X, Y], Y]]]]]"
12,7,5,-509.0 / 19958400,"[X, [X, [[X, [X, Y]], [[X, [[[X, Y], Y], Y]], [X, Y]]]]]"
12,6,6,-31.0 / 5322240,"[X, [X, [[X, [X, Y]], [X, [[[[[X, Y], Y], Y], Y], Y]]]]]"
12,8,4,-1.0 / 831600,"[X, [[X, [[X, [X, Y]], [X, Y]]], [X, [X, [[X, Y], Y]]]]]"
12,8,4,1.0 / 665280,"[X, [[X, [[X, [X, Y]], [X, Y]]], [[X, [X, Y]], [X, Y]]]]"
12,7,5,-1.0 / 138600,"[X, [X, [[[X, [X, Y]], [X, Y]], [X, [[[X, Y], Y], Y]]]]]"
12,8,4,13.0 / 3326400,"[X, [[X, [[[X, [X, Y]], [X, Y]], [X, Y]]], [X, [X, Y]]]]"
12,7,5,-1.0 / 246400,"[X, [X, [X, [[X, Y], [[X, Y], [[X, Y], [[X, Y], Y]]]]]]]"
12,7,5,13.0 / 831600,"[X, [X, [[X, [[X, Y], [[X, Y], [[X, Y], Y]]]], [X, Y]]]]"
12,6,6,31.0 / 2280960,"[X, [X, [X, [[X, Y], [[X, Y], [[[[X, Y], Y], Y], Y]]]]]]"
12,7,5,-1.0 / 1900800,"[X, [X, [[X, [[X, Y], [[X, Y], Y]]], [X, [[X, Y], Y]]]]]"
12,7,5,13.0 / 2217600,"[X, [X, [[[X, [[X, Y], [[X, Y], Y]]], [X, Y]], [X, Y]]]]"
12,6,6,43.0 / 7983360,"[X, [X, [X, [[X, Y], [[[X, Y], Y], [[[X, Y], Y], Y]]]]]]"
12,7,5,-73.0 / 19958400,"[X, [[X, [X, [[X, Y], [[[X, Y], Y], Y]]]], [X, [X, Y]]]]"
12,6,6,-1.0 / 49896,"[X, [X, [X, [[[X, Y], [[[X, Y], Y], Y]], [[X, Y], Y]]]]]"
12,6,6,-29.0 / 1774080,"[X, [X, [[X, [[X, Y], [[[[X, Y], Y], Y], Y]]], [X, Y]]]]"
12,5,7,-53.0 / 11404800,"[X, [X, [X, [[X, Y], [[[[[[X, Y], Y], Y], Y], Y], Y]]]]]"
12,7,5,7.0 / 5702400,"[X, [[X, [X, [[X, Y], Y]]], [X, [X, [[[X, Y], Y], Y]]]]]"
12,8,4,1.0 / 554400,"[X, [[[X, [X, [[X, Y], Y]]], [X, [X, Y]]], [X, [X, Y]]]]"
12,7,5,1.0 / 532224,"[X, [[X, [X, [[X, Y], Y]]], [X, [[X, Y], [[X, Y], Y]]]]]"
12,7,5,-1.0 / 443520,"[X, [X, [[X, [[X, Y], Y]], [[X, [[X, Y], Y]], [X, Y]]]]]"
12,6,6,-31.0 / 10644480,"[X, [X, [[X, [[X, Y], Y]], [X, [[[[X, Y], Y], Y], Y]]]]]"
12,7,5,1.0 / 6652800,"[X, [[X, [[X, [[X, Y], Y]], [X, Y]]], [X, [[X, Y], Y]]]]"
12,7,5,37.0 / 1663200,"[X, [X, [[[[X, [[X, Y], Y]], [X, Y]], [X, Y]], [X, Y]]]]"
12,6,6,-1.0 / 887040,"[X, [X, [[X, [[X, Y], Y]], [[X, Y], [[[X, Y], Y], Y]]]]]"
12,7,5,53.0 / 13305600,"[X, [[X, [[X, [[X, Y], Y]], [[X, Y], Y]]], [X, [X, Y]]]]"
12,6,6,29.0 / 5322240,"[X, [X, [[[X, [[X, Y], Y]], [[X, Y], Y]], [[X, Y], Y]]]]"
12,6,6,-1.0 / 380160,"[X, [X, [[X, [[[X, Y], Y], [[[X, Y], Y], Y]]], [X, Y]]]]"
12,5,7,-211.0 / 26611200,"[X, [X, [X, [[[X, Y], Y], [[[[[X, Y], Y], Y], Y], Y]]]]]"
12,7,5,53.0 / 19958400,"[X, [[X, [X, [[[X, Y], Y], Y]]], [[X, [X, Y]], [X, Y]]]]"
12,6,6,1.0 / 1596672,"[X, [[X, [X, [[[X, Y], Y], Y]]], [X, [[[X, Y], Y], Y]]]]"
12,7,5,29.0 / 2494800,"[X, [[X, [[X, [[[X, Y], Y], Y]], [X, Y]]], [X, [X, Y]]]]"
12,6,6,5.0 / 532224,"[X, [X, [[X, [[[X, Y], Y], Y]], [[X, Y], [[X, Y], Y]]]]]"
12,6,6,1.0 / 29568,"[X, [X, [[[X, [[[X, Y], Y], Y]], [[X, Y], Y]], [X, Y]]]]"
12,5,7,-53.0 / 15966720,"[X, [X, [X, [[[[X, Y], Y], Y], [[[[X, Y], Y], Y], Y]]]]]"
12,6,6,-1.0 / 1774080,"[X, [[X, [X, [[[[X, Y], Y], Y], Y]]], [X, [[X, Y], Y]]]]"
12,6,6,109.0 / 5322240,"[X, [X, [[[X, [[[[X, Y], Y], Y], Y]], [X, Y]], [X, Y]]]]"
12,5,7,19.0 / 3991680,"[X, [X, [[X, [[[[X, Y], Y], Y], Y]], [[[X, Y], Y], Y]]]]"
12,6,6,1.0 / 380160,"[X, [[X, [X, [[[[[X, Y], Y], Y], Y], Y]]], [X, [X, Y]]]]"
12,5,7,37.0 / 6652800,"[X, [X, [[X, [[[[[X, Y], Y], Y], Y], Y]], [[X, Y], Y]]]]"
12,5,7,1.0 / 178200,"[X, [X, [[X, [[[[[[X, Y], Y], Y], Y], Y], Y]], [X, Y]]]]"
12,4,8,139.0 / 319334400,"[X, [X, [X, [[[[[[[[X, Y], Y], Y], Y], Y], Y], Y], Y]]]]"
12,8,4,-19.0 / 6652800,"[X, [[X, [X, Y]], [[X, [X, Y]], [[X, [X, Y]], [X, Y]]]]]"
12,7,5,-43.0 / 6652800,"[X, [[X, [X, Y]], [[X, [X, Y]], [X, [[[X, Y], Y], Y]]]]]"
12,7,5,1.0 / 158400,"[X, [[X, [X, Y]], [X, [[X, Y], [[X, Y], [[X, Y], Y]]]]]]"
12,7,5,1.0 / 1663200,"[X, [[X, [X, Y]], [[X, [[X, Y], [[X, Y], Y]]], [X, Y]]]]"
12,6,6,-1.0 / 133056,"[X, [[X, [X, Y]], [X, [[X, Y], [[[[X, Y], Y], Y], Y]]]]]"
12,7,5,-1.0 / 3326400,"[X, [[[X, [X, Y]], [X, [[X, Y], Y]]], [X, [[X, Y], Y]]]]"
12,7,5,137.0 / 6652800,"[X, [[X, [X, Y]], [[[X, [[X, Y], Y]], [X, Y]], [X, Y]]]]"
12,6,6,-1.0 / 443520,"[X, [[X, [X, Y]], [X, [[[X, Y], Y], [[[X, Y], Y], Y]]]]]"
12,6,6,1.0 / 88704,"[X, [[X, [X, Y]], [[X, [[[X, Y], Y], Y]], [[X, Y], Y]]]]"
12,6,6,1.0 / 66528,"[X, [[X, [X, Y]], [[X, [[[[X, Y], Y], Y], Y]], [X, Y]]]]"
12,5,7,1.0 / 456192,"[X, [[X, [X, Y]], [X, [[[[[[X, Y], Y], Y], Y], Y], Y]]]]"
12,7,5,-1.0 / 554400,"[X, [[[X, [X, Y]], [X, Y]], [X, [[X, Y], [[X, Y], Y]]]]]"
12,7,5,29.0 / 3326400,"[X, [[[X, [X, Y]], [X, Y]], [[X, [[X, Y], Y]], [X, Y]]]]"
12,6,6,1.0 / 221760,"[X, [[[X, [X, Y]], [X, Y]], [X, [[[[X, Y], Y], Y], Y]]]]"
12,7,5,1.0 / 950400,"[X, [[[[X, [X, Y]], [X, Y]], [X, Y]], [X, [[X, Y], Y]]]]"
12,7,5,-1.0 / 665280,"[X, [[[[[X, [X, Y]], [X, Y]], [X, Y]], [X, Y]], [X, Y]]]"
12,6,6,5.0 / 266112,"[X, [X, [[X, Y], [[X, Y], [[X, Y], [[[X, Y], Y], Y]]]]]]"
12,6,6,-43.0 / 2661120,"[X, [X, [[X, Y], [[[X, Y], [[X, Y], Y]], [[X, Y], Y]]]]]"
12,6,6,-1.0 / 73920,"[X, [[X, [[X, Y], [[X, Y], [[[X, Y], Y], Y]]]], [X, Y]]]"
12,5,7,-181.0 / 13305600,"[X, [X, [[X, Y], [[X, Y], [[[[[X, Y], Y], Y], Y], Y]]]]]"
12,6,6,1.0 / 443520,"[X, [[X, [[X, Y], [[X, Y], Y]]], [X, [[[X, Y], Y], Y]]]]"
12,6,6,1.0 / 2661120,"[X, [[X, [[X, Y], [[X, Y], Y]]], [[X, Y], [[X, Y], Y]]]]"
12,6,6,1.0 / 166320,"[X, [[X, [[[X, Y], [[X, Y], Y]], [[X, Y], Y]]], [X, Y]]]"
12,5,7,-83.0 / 5322240,"[X, [X, [[X, Y], [[[X, Y], Y], [[[[X, Y], Y], Y], Y]]]]]"
12,6,6,-1.0 / 1330560,"[X, [[X, [[X, Y], [[[X, Y], Y], Y]]], [X, [[X, Y], Y]]]]"
12,6,6,1.0 / 166320,"[X, [[[X, [[X, Y], [[[X, Y], Y], Y]]], [X, Y]], [X, Y]]]"
12,5,7,31.0 / 3991680,"[X, [X, [[[X, Y], [[[X, Y], Y], Y]], [[[X, Y], Y], Y]]]]"
12,5,7,47.0 / 2661120,"[X, [X, [[[X, Y], [[[[X, Y], Y], Y], Y]], [[X, Y], Y]]]]"
12,5,7,107.0 / 13305600,"[X, [[X, [[X, Y], [[[[[X, Y], Y], Y], Y], Y]]], [X, Y]]]"
12,4,8,89.0 / 39916800,"[X, [X, [[X, Y], [[[[[[[X, Y], Y], Y], Y], Y], Y], Y]]]]"
12,6,6,1.0 / 665280,"[X, [[X, [[X, Y], Y]], [[X, [[X, Y], Y]], [[X, Y], Y]]]]"
12,6,6,1.0 / 443520,"[X, [[X, [[X, Y], Y]], [[X, [[[X, Y], Y], Y]], [X, Y]]]]"
12,5,7,1.0 / 1774080,"[X, [[X, [[X, Y], Y]], [X, [[[[[X, Y], Y], Y], Y], Y]]]]"
12,6,6,1.0 / 665280,"[X, [[[X, [[X, Y], Y]], [X, Y]], [X, [[[X, Y], Y], Y]]]]"
12,6,6,-1.0 / 332640,"[X, [[X, [[X, Y], Y]], [[X, Y], [[X, Y], [[X, Y], Y]]]]]"
12,6,6,-1.0 / 95040,"[X, [[[X, [[X, Y], Y]], [[X, Y], [[X, Y], Y]]], [X, Y]]]"
12,5,7,1.0 / 760320,"[X, [[X, [[X, Y], Y]], [[X, Y], [[[[X, Y], Y], Y], Y]]]]"
12,6,6,-17.0 / 1330560,"[X, [[[[X, [[X, Y], Y]], [[X, Y], Y]], [X, Y]], [X, Y]]]"
12,5,7,-29.0 / 2661120,"[X, [X, [[[X, Y], Y], [[[X, Y], Y], [[[X, Y], Y], Y]]]]]"
12,5,7,-1.0 / 532224,"[X, [[X, [[[X, Y], Y], [[[X, Y], Y], Y]]], [[X, Y], Y]]]"
12,5,7,47.0 / 5322240,"[X, [[X, [[[X, Y], Y], [[[[X, Y], Y], Y], Y]]], [X, Y]]]"
12,4,8,53.0 / 11404800,"[X, [X, [[[X, Y], Y], [[[[[[X, Y], Y], Y], Y], Y], Y]]]]"
12,5,7,13.0 / 15966720,"[X, [[X, [[[X, Y], Y], Y]], [X, [[[[X, Y], Y], Y], Y]]]]"
12,6,6,-1.0 / 95040,"[X, [[[[X, [[[X, Y], Y], Y]], [X, Y]], [X, Y]], [X, Y]]]"
12,5,7,-1.0 / 1330560,"[X, [[X, [[[X, Y], Y], Y]], [[X, Y], [[[X, Y], Y], Y]]]]"
12,5,7,-1.0 / 177408,"[X, [[[X, [[[X, Y], Y], Y]], [[X, Y], Y]], [[X, Y], Y]]]"
12,5,7,-1.0 / 190080,"[X, [[[X, [[[X, Y], Y], Y]], [[[X, Y], Y], Y]], [X, Y]]]"
12,4,8,167.0 / 39916800,"[X, [X, [[[[X, Y], Y], Y], [[[[[X, Y], Y], Y], Y], Y]]]]"
12,5,7,-1.0 / 253440,"[X, [[X, [[[[X, Y], Y], Y], Y]], [[X, Y], [[X, Y], Y]]]]"
12,5,7,-29.0 / 2661120,"[X, [[[X, [[[[X, Y], Y], Y], Y]], [[X, Y], Y]], [X, Y]]]"
12,4,8,-13.0 / 31933440,"[X, [[X, [[[[X, Y], Y], Y], Y]], [[[[X, Y], Y], Y], Y]]]"
12,5,7,-83.0 / 13305600,"[X, [[[X, [[[[[X, Y], Y], Y], Y], Y]], [X, Y]], [X, Y]]]"
12,4,8,-1.0 / 798336,"[X, [[X, [[[[[X, Y], Y], Y], Y], Y]], [[[X, Y], Y], Y]]]"
12,4,8,-7.0 / 5702400,"[X, [[X, [[[[[[X, Y], Y], Y], Y], Y], Y]], [[X, Y], Y]]]"
12,4,8,-1.0 / 798336,"[X, [[X, [[[[[[[X, Y], Y], Y], Y], Y], Y], Y]], [X, Y]]]"
12,3,9,-1.0 / 9580032,"[X, [X, [[[[[[[[[X, Y], Y], Y], Y], Y], Y], Y], Y], Y]]]"
12,6,6,1.0 / 110880,"[X, [[X, Y], [[X, Y], [[X, Y], [[X, Y], [[X, Y], Y]]]]]]"
12,5,7,-7.0 / 380160,"[X, [[X, Y], [[X, Y], [[X, Y], [[[[X, Y], Y], Y], Y]]]]]"
12,5,7,-1.0 / 147840,"[X, [[X, Y], [[X, Y], [[[X, Y], Y], [[[X, Y], Y], Y]]]]]"
12,5,7,17.0 / 665280,"[X, [[X, Y], [[[X, Y], [[[X, Y], Y], Y]], [[X, Y], Y]]]]"
12,4,8,1.0 / 178200,"[X, [[X, Y], [[X, Y], [[[[[[X, Y], Y], Y], Y], Y], Y]]]]"
12,5,7,1.0 / 190080,"[X, [[[X, Y], [[X, Y], Y]], [[X, Y], [[[X, Y], Y], Y]]]]"
12,5,7,-1.0 / 295680,"[X, [[[[X, Y], [[X, Y], Y]], [[X, Y], Y]], [[X, Y], Y]]]"
12,4,8,61.0 / 6652800,"[X, [[X, Y], [[[X, Y], Y], [[[[[X, Y], Y], Y], Y], Y]]]]"
12,4,8,1.0 / 249480,"[X, [[X, Y], [[[[X, Y], Y], Y], [[[[X, Y], Y], Y], Y]]]]"
12,4,8,-19.0 / 3991680,"[X, [[[X, Y], [[[[X, Y], Y], Y], Y]], [[[X, Y], Y], Y]]]"
12,4,8,-37.0 / 6652800,"[X, [[[X, Y], [[[[[X, Y], Y], Y], Y], Y]], [[X, Y], Y]]]"
12,3,9,-1.0 / 2128896,"[X, [[X, Y], [[[[[[[[X, Y], Y], Y], Y], Y], Y], Y], Y]]]"
12,4,8,1.0 / 147840,"[X, [[[X, Y], Y], [[[X, Y], Y], [[[[X, Y], Y], Y], Y]]]]"
12,4,8,-1.0 / 399168,"[X, [[[[X, Y], Y], [[[X, Y], Y], Y]], [[[X, Y], Y], Y]]]"
12,3,9,-13.0 / 13305600,"[X, [[[X, Y], Y], [[[[[[[X, Y], Y], Y], Y], Y], Y], Y]]]"
12,3,9,-7.0 / 5702400,"[X, [[[[X, Y], Y], Y], [[[[[[X, Y], Y], Y], Y], Y], Y]]]"
12,3,9,-1.0 / 1774080,"[X, [[[[[X, Y], Y], Y], Y], [[[[[X, Y], Y], Y], Y], Y]]]"
12,2,10,1.0 / 95800320,"[X, [[[[[[[[[[X, Y], Y], Y], Y], Y], Y], Y], Y], Y], Y]]"
13,12,1,-691.0 / 1307674368000,"[X, [X, [X, [X, [X, [X, [X, [X, [X, [X, [X, [X, Y]]]]]]]]]]]]"
13,11,2,691.0 / 108972864000,"[X, [X, [X, [X, [X, [X, [X, [X, [X, [X, [[X, Y], Y]]]]]]]]]]]"
13,11,2,-691.0 / 31135104000,"[X, [X, [X, [X, [X, [X, [X, [X, [[X, [X, Y]], [X, Y]]]]]]]]]]"
13,10,3,-1283.0 / 40864824000,"[X, [X, [X, [X, [X, [X, [X, [X, [X, [[[X, Y], Y], Y]]]]]]]]]]"
13,11,2,3517.0 / 108972864000,"[X, [X, [X, [X, [X, [X, [[X, [X, [X, Y]]], [X, [X, Y]]]]]]]]]"
13,10,3,113.0 / 24216192000,"[X, [X, [X, [X, [X, [X, [X, [X, [[X, Y], [[X, Y], Y]]]]]]]]]]"
13,10,3,11281.0 / 54486432000,"[X, [X, [X, [X, [X, [X, [X, [[X, [[X, Y], Y]], [X, Y]]]]]]]]]"
13,9,4,2663.0 / 32691859200,"[X, [X, [X, [X, [X, [X, [X, [X, [[[[X, Y], Y], Y], Y]]]]]]]]]"
13,11,2,-61.0 / 6227020800,"[X, [X, [X, [X, [[X, [X, [X, [X, Y]]]], [X, [X, [X, Y]]]]]]]]"
13,10,3,46517.0 / 435891456000,"[X, [X, [X, [X, [X, [X, [[X, [X, Y]], [X, [[X, Y], Y]]]]]]]]]"
13,10,3,-31621.0 / 217945728000,"[X, [X, [X, [X, [X, [X, [[[X, [X, Y]], [X, Y]], [X, Y]]]]]]]]"
13,9,4,2663.0 / 18681062400,"[X, [X, [X, [X, [X, [X, [X, [[X, Y], [[[X, Y], Y], Y]]]]]]]]]"
13,10,3,-229.0 / 1651104000,"[X, [X, [X, [X, [X, [[X, [X, [[X, Y], Y]]], [X, [X, Y]]]]]]]]"
13,9,4,-14479.0 / 87178291200,"[X, [X, [X, [X, [X, [X, [[X, [[X, Y], Y]], [[X, Y], Y]]]]]]]]"
13,9,4,-31039.0 / 65383718400,"[X, [X, [X, [X, [X, [X, [[X, [[[X, Y], Y], Y]], [X, Y]]]]]]]]"
13,8,5,-127.0 / 1135134000,"[X, [X, [X, [X, [X, [X, [X, [[[[[X, Y], Y], Y], Y], Y]]]]]]]]"
13,11,2,-61.0 / 6227020800,"[X, [X, [[X, [X, [X, [X, [X, Y]]]]], [X, [X, [X, [X, Y]]]]]]]"
13,10,3,-589.0 / 6227020800,"[X, [X, [X, [X, [[X, [X, [X, Y]]], [X, [X, [[X, Y], Y]]]]]]]]"
13,10,3,-701.0 / 4953312000,"[X, [X, [X, [X, [X, [[X, [X, Y]], [[X, [X, Y]], [X, Y]]]]]]]]"
13,9,4,-2567.0 / 8717829120,"[X, [X, [X, [X, [X, [[X, [X, Y]], [X, [[[X, Y], Y], Y]]]]]]]]"
13,10,3,-401.0 / 4358914560,"[X, [X, [X, [X, [[X, [[X, [X, Y]], [X, Y]]], [X, [X, Y]]]]]]]"
13,9,4,899.0 / 6227020800,"[X, [X, [X, [X, [X, [X, [[X, Y], [[X, Y], [[X, Y], Y]]]]]]]]]"
13,9,4,-5227.0 / 14529715200,"[X, [X, [X, [X, [X, [[X, [[X, Y], [[X, Y], Y]]], [X, Y]]]]]]]"
13,8,5,-79.0 / 220147200,"[X, [X, [X, [X, [X, [X, [[X, Y], [[[[X, Y], Y], Y], Y]]]]]]]]"
13,10,3,-71.0 / 778377600,"[X, [X, [X, [[X, [X, [X, [[X, Y], Y]]]], [X, [X, [X, Y]]]]]]]"
13,9,4,-4267.0 / 29059430400,"[X, [X, [X, [X, [[X, [X, [[X, Y], Y]]], [X, [[X, Y], Y]]]]]]]"
13,9,4,2381.0 / 14529715200,"[X, [X, [X, [X, [X, [[[X, [[X, Y], Y]], [X, Y]], [X, Y]]]]]]]"
13,8,5,-1013.0 / 3632428800,"[X, [X, [X, [X, [X, [X, [[[X, Y], Y], [[[X, Y], Y], Y]]]]]]]]"
13,9,4,-703.0 / 21794572800,"[X, [X, [X, [X, [[X, [X, [[[X, Y], Y], Y]]], [X, [X, Y]]]]]]]"
13,8,5,-79.0 / 1816214400,"[X, [X, [X, [X, [X, [[X, [[[X, Y], Y], Y]], [[X, Y], Y]]]]]]]"
13,8,5,31.0 / 113513400,"[X, [X, [X, [X, [X, [[X, [[[[X, Y], Y], Y], Y]], [X, Y]]]]]]]"
13,7,6,191.0 / 3405402000,"[X, [X, [X, [X, [X, [X, [[[[[[X, Y], Y], Y], Y], Y], Y]]]]]]]"
13,11,2,691.0 / 217945728000,"[[X, [X, [X, [X, [X, [X, Y]]]]]], [X, [X, [X, [X, [X, Y]]]]]]"
13,10,3,-113.0 / 1937295360,"[X, [X, [[X, [X, [X, [X, Y]]]], [X, [X, [X, [[X, Y], Y]]]]]]]"
13,10,3,-149.0 / 2075673600,"[X, [X, [X, [[X, [X, [X, Y]]], [X, [[X, [X, Y]], [X, Y]]]]]]]"
13,9,4,-10541.0 / 65383718400,"[X, [X, [X, [[X, [X, [X, Y]]], [X, [X, [[[X, Y], Y], Y]]]]]]]"
13,10,3,383.0 / 1320883200,"[X, [X, [X, [[[X, [X, [X, Y]]], [X, [X, Y]]], [X, [X, Y]]]]]]"
13,9,4,-1717.0 / 10897286400,"[X, [X, [X, [X, [[X, [X, Y]], [X, [[X, Y], [[X, Y], Y]]]]]]]]"
13,9,4,391.0 / 2724321600,"[X, [X, [X, [X, [[X, [X, Y]], [[X, [[X, Y], Y]], [X, Y]]]]]]]"
13,8,5,5.0 / 83026944,"[X, [X, [X, [X, [[X, [X, Y]], [X, [[[[X, Y], Y], Y], Y]]]]]]]"
13,10,3,2477.0 / 6227020800,"[X, [X, [[X, [X, [[X, [X, Y]], [X, Y]]]], [X, [X, [X, Y]]]]]]"
13,9,4,337.0 / 660441600,"[X, [X, [X, [X, [[[X, [X, Y]], [X, Y]], [X, [[X, Y], Y]]]]]]]"
13,9,4,12821.0 / 21794572800,"[X, [X, [X, [X, [[[[X, [X, Y]], [X, Y]], [X, Y]], [X, Y]]]]]]"
13,8,5,-289.0 / 726485760,"[X, [X, [X, [X, [X, [[X, Y], [[X, Y], [[[X, Y], Y], Y]]]]]]]]"
13,9,4,1873.0 / 3113510400,"[X, [X, [X, [[X, [X, [[X, Y], [[X, Y], Y]]]], [X, [X, Y]]]]]]"
13,8,5,599.0 / 1452971520,"[X, [X, [X, [X, [X, [[[X, Y], [[X, Y], Y]], [[X, Y], Y]]]]]]]"
13,8,5,599.0 / 726485760,"[X, [X, [X, [X, [[X, [[X, Y], [[[X, Y], Y], Y]]], [X, Y]]]]]]"
13,7,6,8927.0 / 36324288000,"[X, [X, [X, [X, [X, [[X, Y], [[[[[X, Y], Y], Y], Y], Y]]]]]]]"
13,10,3,823.0 / 10897286400,"[X, [[X, [X, [X, [X, [[X, Y], Y]]]]], [X, [X, [X, [X, Y]]]]]]"
13,9,4,589.0 / 6227020800,"[X, [X, [[X, [X, [X, [[X, Y], Y]]]], [X, [X, [[X, Y], Y]]]]]]"
13,9,4,4691.0 / 4358914560,"[X, [X, [X, [[X, [X, [[X, Y], Y]]], [[X, [X, Y]], [X, Y]]]]]]"
13,8,5,199.0 / 7264857600,"[X, [X, [X, [X, [[X, [[X, Y], Y]], [X, [[[X, Y], Y], Y]]]]]]]"
13,9,4,36763.0 / 10897286400,"[X, [X, [X, [[X, [[X, [[X, Y], Y]], [X, Y]]], [X, [X, Y]]]]]]"
13,8,5,11729.0 / 7264857600,"[X, [X, [X, [X, [[X, [[X, Y], Y]], [[X, Y], [[X, Y], Y]]]]]]]"
13,8,5,22861.0 / 7264857600,"[X, [X, [X, [X, [[[X, [[X, Y], Y]], [[X, Y], Y]], [X, Y]]]]]]"
13,7,6,7751.0 / 14529715200,"[X, [X, [X, [X, [X, [[[X, Y], Y], [[[[X, Y], Y], Y], Y]]]]]]]"
13,9,4,15271.0 / 32691859200,"[X, [X, [[X, [X, [X, [[[X, Y], Y], Y]]]], [X, [X, [X, Y]]]]]]"
13,8,5,1429.0 / 1816214400,"[X, [X, [X, [[X, [X, [[[X, Y], Y], Y]]], [X, [[X, Y], Y]]]]]]"
13,8,5,43.0 / 15724800,"[X, [X, [X, [X, [[[X, [[[X, Y], Y], Y]], [X, Y]], [X, Y]]]]]]"
13,7,6,569.0 / 726485760,"[X, [X, [X, [X, [[X, [[[X, Y], Y], Y]], [[[X, Y], Y], Y]]]]]]"
13,8,5,47.0 / 45405360,"[X, [X, [X, [[X, [X, [[[[X, Y], Y], Y], Y]]], [X, [X, Y]]]]]]"
13,7,6,2099.0 / 1452971520,"[X, [X, [X, [X, [[X, [[[[X, Y], Y], Y], Y]], [[X, Y], Y]]]]]]"
13,7,6,15787.0 / 18162144000,"[X, [X, [X, [X, [[X, [[[[[X, Y], Y], Y], Y], Y]], [X, Y]]]]]]"
13,6,7,191.0 / 3405402000,"[X, [X, [X, [X, [X, [[[[[[[X, Y], Y], Y], Y], Y], Y], Y]]]]]]"
13,10,3,691.0 / 19813248000,"[[X, [X, [X, [X, [X, Y]]]]], [X, [X, [X, [X, [[X, Y], Y]]]]]]"
13,10,3,9973.0 / 54486432000,"[X, [[X, [X, [X, [X, Y]]]], [X, [X, [[X, [X, Y]], [X, Y]]]]]]"
13,9,4,5263.0 / 18681062400,"[X, [[X, [X, [X, [X, Y]]]], [X, [X, [X, [[[X, Y], Y], Y]]]]]]"
13,10,3,14717.0 / 72648576000,"[X, [X, [[X, [X, [X, Y]]], [[X, [X, [X, Y]]], [X, [X, Y]]]]]]"
13,9,4,4223.0 / 14529715200,"[X, [X, [[X, [X, [X, Y]]], [X, [X, [[X, Y], [[X, Y], Y]]]]]]]"
13,9,4,787.0 / 345945600,"[X, [X, [[X, [X, [X, Y]]], [X, [[X, [[X, Y], Y]], [X, Y]]]]]]"
13,8,5,199.0 / 242161920,"[X, [X, [[X, [X, [X, Y]]], [X, [X, [[[[X, Y], Y], Y], Y]]]]]]"
13,10,3,-8117.0 / 18162144000,"[X, [[X, [[X, [X, [X, Y]]], [X, [X, Y]]]], [X, [X, [X, Y]]]]]"
13,9,4,-1513.0 / 2905943040,"[X, [X, [X, [[X, [X, Y]], [[X, [X, Y]], [X, [[X, Y], Y]]]]]]]"
13,9,4,22147.0 / 21794572800,"[X, [X, [X, [[X, [X, Y]], [[[X, [X, Y]], [X, Y]], [X, Y]]]]]]"
13,8,5,19.0 / 1816214400,"[X, [X, [X, [[X, [X, Y]], [X, [[X, Y], [[[X, Y], Y], Y]]]]]]]"
13,9,4,8033.0 / 14529715200,"[X, [X, [[X, [[X, [X, Y]], [X, [[X, Y], Y]]]], [X, [X, Y]]]]]"
13,8,5,7993.0 / 3632428800,"[X, [X, [X, [[X, [X, Y]], [[X, [[X, Y], Y]], [[X, Y], Y]]]]]]"
13,8,5,443.0 / 100900800,"[X, [X, [X, [[X, [X, Y]], [[X, [[[X, Y], Y], Y]], [X, Y]]]]]]"
13,7,6,3229.0 / 3632428800,"[X, [X, [X, [[X, [X, Y]], [X, [[[[[X, Y], Y], Y], Y], Y]]]]]]"
13,10,3,-2953.0 / 36324288000,"[[X, [X, [X, [[X, [X, Y]], [X, Y]]]]], [X, [X, [X, [X, Y]]]]]"
13,9,4,1.0 / 8895744,"[X, [X, [[X, [[X, [X, Y]], [X, Y]]], [X, [X, [[X, Y], Y]]]]]]"
13,9,4,-1507.0 / 990662400,"[X, [X, [[X, [[X, [X, Y]], [X, Y]]], [[X, [X, Y]], [X, Y]]]]]"
13,8,5,1097.0 / 908107200,"[X, [X, [X, [[[X, [X, Y]], [X, Y]], [X, [[[X, Y], Y], Y]]]]]]"
13,9,4,-26501.0 / 7264857600,"[X, [X, [[X, [[[X, [X, Y]], [X, Y]], [X, Y]]], [X, [X, Y]]]]]"
13,8,5,-1489.0 / 1210809600,"[X, [X, [X, [X, [[X, Y], [[X, Y], [[X, Y], [[X, Y], Y]]]]]]]]"
13,8,5,-71.0 / 15135120,"[X, [X, [X, [[X, [[X, Y], [[X, Y], [[X, Y], Y]]]], [X, Y]]]]]"
13,7,6,29.0 / 454053600,"[X, [X, [X, [X, [[X, Y], [[X, Y], [[[[X, Y], Y], Y], Y]]]]]]]"
13,9,4,-263.0 / 1743565824,"[X, [[X, [X, [X, [[X, Y], [[X, Y], Y]]]]], [X, [X, [X, Y]]]]]"
13,8,5,373.0 / 1816214400,"[X, [X, [X, [[X, [[X, Y], [[X, Y], Y]]], [X, [[X, Y], Y]]]]]]"
13,8,5,-251.0 / 43243200,"[X, [X, [X, [[[X, [[X, Y], [[X, Y], Y]]], [X, Y]], [X, Y]]]]]"
13,7,6,257.0 / 605404800,"[X, [X, [X, [X, [[X, Y], [[[X, Y], Y], [[[X, Y], Y], Y]]]]]]]"
13,8,5,151.0 / 201801600,"[X, [X, [[X, [X, [[X, Y], [[[X, Y], Y], Y]]]], [X, [X, Y]]]]]"
13,7,6,379.0 / 201801600,"[X, [X, [X, [X, [[[X, Y], [[[X, Y], Y], Y]], [[X, Y], Y]]]]]]"
13,7,6,311.0 / 165110400,"[X, [X, [X, [[X, [[X, Y], [[[[X, Y], Y], Y], Y]]], [X, Y]]]]]"
13,6,7,4699.0 / 15567552000,"[X, [X, [X, [X, [[X, Y], [[[[[[X, Y], Y], Y], Y], Y], Y]]]]]]"
13,9,4,4309.0 / 87178291200,"[[X, [X, [X, [X, [[X, Y], Y]]]]], [X, [X, [X, [[X, Y], Y]]]]]"
13,9,4,-1061.0 / 6227020800,"[X, [[X, [X, [X, [[X, Y], Y]]]], [X, [[X, [X, Y]], [X, Y]]]]]"
13,8,5,631.0 / 1816214400,"[X, [X, [[X, [X, [[X, Y], Y]]], [X, [X, [[[X, Y], Y], Y]]]]]]"
13,9,4,-2333.0 / 968647680,"[X, [X, [[[X, [X, [[X, Y], Y]]], [X, [X, Y]]], [X, [X, Y]]]]]"
13,8,5,-19.0 / 36691200,"[X, [X, [[X, [X, [[X, Y], Y]]], [X, [[X, Y], [[X, Y], Y]]]]]]"
13,8,5,-233.0 / 908107200,"[X, [X, [X, [[X, [[X, Y], Y]], [[X, [[X, Y], Y]], [X, Y]]]]]]"
13,7,6,149.0 / 181621440,"[X, [X, [X, [[X, [[X, Y], Y]], [X, [[[[X, Y], Y], Y], Y]]]]]]"
13,9,4,-49991.0 / 21794572800,"[X, [[X, [X, [[X, [[X, Y], Y]], [X, Y]]]], [X, [X, [X, Y]]]]]"
13,8,5,-629.0 / 151351200,"[X, [X, [[X, [[X, [[X, Y], Y]], [X, Y]]], [X, [[X, Y], Y]]]]]"
13,8,5,-1537.0 / 151351200,"[X, [X, [X, [[[[X, [[X, Y], Y]], [X, Y]], [X, Y]], [X, Y]]]]]"
13,7,6,-251.0 / 605404800,"[X, [X, [X, [[X, [[X, Y], Y]], [[X, Y], [[[X, Y], Y], Y]]]]]]"
13,8,5,-5689.0 / 1210809600,"[X, [X, [[X, [[X, [[X, Y], Y]], [[X, Y], Y]]], [X, [X, Y]]]]]"
13,7,6,-3667.0 / 1210809600,"[X, [X, [X, [[[X, [[X, Y], Y]], [[X, Y], Y]], [[X, Y], Y]]]]]"
13,7,6,-337.0 / 100900800,"[X, [X, [X, [[X, [[[X, Y], Y], [[[X, Y], Y], Y]]], [X, Y]]]]]"
13,6,7,2113.0 / 5189184000,"[X, [X, [X, [X, [[[X, Y], Y], [[[[[X, Y], Y], Y], Y], Y]]]]]]"
13,9,4,-691.0 / 5943974400,"[[X, [X, [X, [X, [[[X, Y], Y], Y]]]]], [X, [X, [X, [X, Y]]]]]"
13,8,5,19.0 / 605404800,"[X, [[X, [X, [X, [[[X, Y], Y], Y]]]], [X, [X, [[X, Y], Y]]]]]"
13,8,5,-841.0 / 363242880,"[X, [X, [[X, [X, [[[X, Y], Y], Y]]], [[X, [X, Y]], [X, Y]]]]]"
13,7,6,-191.0 / 605404800,"[X, [X, [[X, [X, [[[X, Y], Y], Y]]], [X, [[[X, Y], Y], Y]]]]]"
13,8,5,-3071.0 / 302702400,"[X, [X, [[X, [[X, [[[X, Y], Y], Y]], [X, Y]]], [X, [X, Y]]]]]"
13,7,6,-1487.0 / 302702400,"[X, [X, [X, [[X, [[[X, Y], Y], Y]], [[X, Y], [[X, Y], Y]]]]]]"
13,7,6,-215.0 / 12108096,"[X, [X, [X, [[[X, [[[X, Y], Y], Y]], [[X, Y], Y]], [X, Y]]]]]"
13,6,7,-367.0 / 622702080,"[X, [X, [X, [X, [[[[X, Y], Y], Y], [[[[X, Y], Y], Y], Y]]]]]]"
13,8,5,-4.0 / 4729725,"[X, [[X, [X, [X, [[[[X, Y], Y], Y], Y]]]], [X, [X, [X, Y]]]]]"
13,7,6,-1343.0 / 1210809600,"[X, [X, [[X, [X, [[[[X, Y], Y], Y], Y]]], [X, [[X, Y], Y]]]]]"
13,7,6,-29789.0 / 3632428800,"[X, [X, [X, [[[X, [[[[X, Y], Y], Y], Y]], [X, Y]], [X, Y]]]]]"
13,6,7,-4679.0 / 1556755200,"[X, [X, [X, [[X, [[[[X, Y], Y], Y], Y]], [[[X, Y], Y], Y]]]]]"
13,7,6,-2437.0 / 1210809600,"[X, [X, [[X, [X, [[[[[X, Y], Y], Y], Y], Y]]], [X, [X, Y]]]]]"
13,6,7,-7289.0 / 2594592000,"[X, [X, [X, [[X, [[[[[X, Y], Y], Y], Y], Y]], [[X, Y], Y]]]]]"
13,6,7,-3791.0 / 1945944000,"[X, [X, [X, [[X, [[[[[[X, Y], Y], Y], Y], Y], Y]], [X, Y]]]]]"
13,5,8,-127.0 / 1135134000,"[X, [X, [X, [X, [[[[[[[[X, Y], Y], Y], Y], Y], Y], Y], Y]]]]]"
13,10,3,-83.0 / 864864000,"[[X, [X, [X, [X, Y]]]], [X, [[X, [X, [X, Y]]], [X, [X, Y]]]]]"
13,9,4,97.0 / 10897286400,"[[X, [X, [X, [X, Y]]]], [X, [X, [X, [[X, Y], [[X, Y], Y]]]]]]"
13,9,4,-7213.0 / 10897286400,"[[X, [X, [X, [X, Y]]]], [X, [X, [[X, [[X, Y], Y]], [X, Y]]]]]"
13,8,5,-691.0 / 2641766400,"[[X, [X, [X, [X, Y]]]], [X, [X, [X, [[[[X, Y], Y], Y], Y]]]]]"
13,10,3,61.0 / 1556755200,"[[[X, [X, [X, [X, Y]]]], [X, [X, [X, Y]]]], [X, [X, [X, Y]]]]"
13,9,4,8707.0 / 14529715200,"[X, [[X, [X, [X, Y]]], [X, [[X, [X, Y]], [X, [[X, Y], Y]]]]]]"
13,9,4,-12787.0 / 7264857600,"[X, [[X, [X, [X, Y]]], [X, [[[X, [X, Y]], [X, Y]], [X, Y]]]]]"
13,8,5,1861.0 / 2421619200,"[X, [[X, [X, [X, Y]]], [X, [X, [[X, Y], [[[X, Y], Y], Y]]]]]]"
13,9,4,-3187.0 / 1452971520,"[X, [[X, [X, [X, Y]]], [[X, [X, [[X, Y], Y]]], [X, [X, Y]]]]]"
13,8,5,-34751.0 / 14529715200,"[X, [[X, [X, [X, Y]]], [X, [[X, [[X, Y], Y]], [[X, Y], Y]]]]]"
13,8,5,-2881.0 / 518918400,"[X, [[X, [X, [X, Y]]], [X, [[X, [[[X, Y], Y], Y]], [X, Y]]]]]"
13,7,6,-1567.0 / 1345344000,"[X, [[X, [X, [X, Y]]], [X, [X, [[[[[X, Y], Y], Y], Y], Y]]]]]"
13,9,4,-2861.0 / 4843238400,"[X, [[[X, [X, [X, Y]]], [X, [X, Y]]], [X, [X, [[X, Y], Y]]]]]"
13,9,4,1343.0 / 726485760,"[X, [X, [[X, [X, Y]], [[X, [X, Y]], [[X, [X, Y]], [X, Y]]]]]]"
13,8,5,7439.0 / 2421619200,"[X, [X, [[X, [X, Y]], [[X, [X, Y]], [X, [[[X, Y], Y], Y]]]]]]"
13,9,4,-271.0 / 1816214400,"[X, [[X, [[X, [X, Y]], [[X, [X, Y]], [X, Y]]]], [X, [X, Y]]]]"
13,8,5,-19109.0 / 7264857600,"[X, [X, [[X, [X, Y]], [X, [[X, Y], [[X, Y], [[X, Y], Y]]]]]]]"
13,8,5,-2657.0 / 660441600,"[X, [X, [[X, [X, Y]], [[X, [[X, Y], [[X, Y], Y]]], [X, Y]]]]]"
13,7,6,1961.0 / 908107200,"[X, [X, [[X, [X, Y]], [X, [[X, Y], [[[[X, Y], Y], Y], Y]]]]]]"
13,9,4,-263.0 / 908107200,"[[X, [X, [[X, [X, Y]], [X, [[X, Y], Y]]]]], [X, [X, [X, Y]]]]"
13,8,5,-257.0 / 193729536,"[X, [X, [[[X, [X, Y]], [X, [[X, Y], Y]]], [X, [[X, Y], Y]]]]]"
13,8,5,-3583.0 / 207567360,"[X, [X, [[X, [X, Y]], [[[X, [[X, Y], Y]], [X, Y]], [X, Y]]]]]"
13,7,6,-67.0 / 48432384,"[X, [X, [[X, [X, Y]], [X, [[[X, Y], Y], [[[X, Y], Y], Y]]]]]]"
13,8,5,-24251.0 / 7264857600,"[X, [[X, [[X, [X, Y]], [X, [[[X, Y], Y], Y]]]], [X, [X, Y]]]]"
13,7,6,-41963.0 / 3632428800,"[X, [X, [[X, [X, Y]], [[X, [[[X, Y], Y], Y]], [[X, Y], Y]]]]]"
13,7,6,-21269.0 / 1816214400,"[X, [X, [[X, [X, Y]], [[X, [[[[X, Y], Y], Y], Y]], [X, Y]]]]]"
13,6,7,-15571.0 / 10378368000,"[X, [X, [[X, [X, Y]], [X, [[[[[[X, Y], Y], Y], Y], Y], Y]]]]]"
13,9,4,-1549.0 / 10897286400,"[[X, [X, [[X, [X, Y]], [X, Y]]]], [X, [X, [X, [[X, Y], Y]]]]]"
13,9,4,67.0 / 444787200,"[[X, [X, [[X, [X, Y]], [X, Y]]]], [X, [[X, [X, Y]], [X, Y]]]]"
13,8,5,-199.0 / 302702400,"[X, [[X, [[X, [X, Y]], [X, Y]]], [X, [X, [[[X, Y], Y], Y]]]]]"
13,9,4,37.0 / 10762752,"[X, [[[X, [[X, [X, Y]], [X, Y]]], [X, [X, Y]]], [X, [X, Y]]]]"
13,8,5,67.0 / 80720640,"[X, [X, [[[X, [X, Y]], [X, Y]], [X, [[X, Y], [[X, Y], Y]]]]]]"
13,8,5,-1003.0 / 151351200,"[X, [X, [[[X, [X, Y]], [X, Y]], [[X, [[X, Y], Y]], [X, Y]]]]]"
13,7,6,-9761.0 / 2421619200,"[X, [X, [[[X, [X, Y]], [X, Y]], [X, [[[[X, Y], Y], Y], Y]]]]]"
13,9,4,443.0 / 681080400,"[[X, [X, [[[X, [X, Y]], [X, Y]], [X, Y]]]], [X, [X, [X, Y]]]]"
13,8,5,349.0 / 302702400,"[X, [X, [[[[X, [X, Y]], [X, Y]], [X, Y]], [X, [[X, Y], Y]]]]]"
13,8,5,3167.0 / 1210809600,"[X, [X, [[[[[X, [X, Y]], [X, Y]], [X, Y]], [X, Y]], [X, Y]]]]"
13,7,6,-3.0 / 22422400,"[X, [X, [X, [[X, Y], [[X, Y], [[X, Y], [[[X, Y], Y], Y]]]]]]]"
13,8,5,25813.0 / 7264857600,"[X, [[X, [X, [[X, Y], [[X, Y], [[X, Y], Y]]]]], [X, [X, Y]]]]"
13,7,6,2633.0 / 605404800,"[X, [X, [X, [[X, Y], [[[X, Y], [[X, Y], Y]], [[X, Y], Y]]]]]]"
13,7,6,1037.0 / 121080960,"[X, [X, [[X, [[X, Y], [[X, Y], [[[X, Y], Y], Y]]]], [X, Y]]]]"
13,6,7,9431.0 / 5189184000,"[X, [X, [X, [[X, Y], [[X, Y], [[[[[X, Y], Y], Y], Y], Y]]]]]]"
13,8,5,53.0 / 3632428800,"[X, [[X, [X, [[X, Y], [[X, Y], Y]]]], [X, [X, [[X, Y], Y]]]]]"
13,8,5,263.0 / 259459200,"[X, [[X, [X, [[X, Y], [[X, Y], Y]]]], [[X, [X, Y]], [X, Y]]]]"
13,7,6,-493.0 / 363242880,"[X, [X, [[X, [[X, Y], [[X, Y], Y]]], [X, [[[X, Y], Y], Y]]]]]"
13,8,5,32567.0 / 7264857600,"[X, [[X, [[X, [[X, Y], [[X, Y], Y]]], [X, Y]]], [X, [X, Y]]]]"
13,7,6,2351.0 / 1210809600,"[X, [X, [[X, [[X, Y], [[X, Y], Y]]], [[X, Y], [[X, Y], Y]]]]]"
13,7,6,-491.0 / 201801600,"[X, [X, [[X, [[[X, Y], [[X, Y], Y]], [[X, Y], Y]]], [X, Y]]]]"
13,6,7,653.0 / 415134720,"[X, [X, [X, [[X, Y], [[[X, Y], Y], [[[[X, Y], Y], Y], Y]]]]]]"
13,8,5,-2777.0 / 7264857600,"[[X, [X, [X, [[X, Y], [[[X, Y], Y], Y]]]]], [X, [X, [X, Y]]]]"
13,7,6,-197.0 / 121080960,"[X, [X, [[X, [[X, Y], [[[X, Y], Y], Y]]], [X, [[X, Y], Y]]]]]"
13,7,6,-491.0 / 201801600,"[X, [X, [[[X, [[X, Y], [[[X, Y], Y], Y]]], [X, Y]], [X, Y]]]]"
13,6,7,-5581.0 / 1556755200,"[X, [X, [X, [[[X, Y], [[[X, Y], Y], Y]], [[[X, Y], Y], Y]]]]]"
13,7,6,-2503.0 / 807206400,"[X, [[X, [X, [[X, Y], [[[[X, Y], Y], Y], Y]]]], [X, [X, Y]]]]"
13,6,7,-751.0 / 94348800,"[X, [X, [X, [[[X, Y], [[[[X, Y], Y], Y], Y]], [[X, Y], Y]]]]]"
13,6,7,-127.0 / 22464000,"[X, [X, [[X, [[X, Y], [[[[[X, Y], Y], Y], Y], Y]]], [X, Y]]]]"
13,5,8,-2803.0 / 4036032000,"[X, [X, [X, [[X, Y], [[[[[[[X, Y], Y], Y], Y], Y], Y], Y]]]]]"
13,8,5,2663.0 / 14529715200,"[[X, [X, [X, [[X, Y], Y]]]], [X, [X, [X, [[[X, Y], Y], Y]]]]]"
13,9,4,229.0 / 3632428800,"[[X, [X, [X, [[X, Y], Y]]]], [[X, [X, [X, Y]]], [X, [X, Y]]]]"
13,8,5,43.0 / 230630400,"[[X, [X, [X, [[X, Y], Y]]]], [X, [X, [[X, Y], [[X, Y], Y]]]]]"
13,8,5,-1627.0 / 7264857600,"[X, [[X, [X, [[X, Y], Y]]], [X, [[X, [[X, Y], Y]], [X, Y]]]]]"
13,7,6,-2941.0 / 14529715200,"[X, [[X, [X, [[X, Y], Y]]], [X, [X, [[[[X, Y], Y], Y], Y]]]]]"
13,9,4,2663.0 / 3632428800,"[[X, [[X, [X, [[X, Y], Y]]], [X, [X, Y]]]], [X, [X, [X, Y]]]]"
13,8,5,3023.0 / 14529715200,"[X, [[X, [X, [[X, Y], Y]]], [[X, [X, Y]], [X, [[X, Y], Y]]]]]"
13,8,5,181.0 / 89689600,"[X, [[X, [X, [[X, Y], Y]]], [[[X, [X, Y]], [X, Y]], [X, Y]]]]"
13,7,6,461.0 / 3632428800,"[X, [[X, [X, [[X, Y], Y]]], [X, [[X, Y], [[[X, Y], Y], Y]]]]]"
13,8,5,6437.0 / 4843238400,"[X, [[[X, [X, [[X, Y], Y]]], [X, [[X, Y], Y]]], [X, [X, Y]]]]"
13,7,6,-587.0 / 302702400,"[X, [X, [[X, [[X, Y], Y]], [[X, [[X, Y], Y]], [[X, Y], Y]]]]]"
13,7,6,-20459.0 / 3632428800,"[X, [X, [[X, [[X, Y], Y]], [[X, [[[X, Y], Y], Y]], [X, Y]]]]]"
13,6,7,-43.0 / 27675648,"[X, [X, [[X, [[X, Y], Y]], [X, [[[[[X, Y], Y], Y], Y], Y]]]]]"
13,8,5,-857.0 / 2421619200,"[[X, [X, [[X, [[X, Y], Y]], [X, Y]]]], [X, [X, [[X, Y], Y]]]]"
13,8,5,227.0 / 28378350,"[X, [[X, [[X, [[X, Y], Y]], [X, Y]]], [[X, [X, Y]], [X, Y]]]]"
13,7,6,-373.0 / 227026800,"[X, [X, [[[X, [[X, Y], Y]], [X, Y]], [X, [[[X, Y], Y], Y]]]]]"
13,8,5,137887.0 / 7264857600,"[X, [[X, [[[X, [[X, Y], Y]], [X, Y]], [X, Y]]], [X, [X, Y]]]]"
13,7,6,1153.0 / 121080960,"[X, [X, [[X, [[X, Y], Y]], [[X, Y], [[X, Y], [[X, Y], Y]]]]]]"
13,7,6,2389.0 / 100900800,"[X, [X, [[[X, [[X, Y], Y]], [[X, Y], [[X, Y], Y]]], [X, Y]]]]"
13,6,7,-6857.0 / 2075673600,"[X, [X, [[X, [[X, Y], Y]], [[X, Y], [[[[X, Y], Y], Y], Y]]]]]"
13,8,5,141.0 / 179379200,"[[X, [X, [[X, [[X, Y], Y]], [[X, Y], Y]]]], [X, [X, [X, Y]]]]"
13,7,6,4493.0 / 2421619200,"[X, [[X, [[X, [[X, Y], Y]], [[X, Y], Y]]], [X, [[X, Y], Y]]]]"
13,7,6,7913.0 / 302702400,"[X, [X, [[[[X, [[X, Y], Y]], [[X, Y], Y]], [X, Y]], [X, Y]]]]"
13,6,7,409.0 / 94348800,"[X, [X, [X, [[[X, Y], Y], [[[X, Y], Y], [[[X, Y], Y], Y]]]]]]"
13,7,6,167.0 / 242161920,"[X, [[X, [X, [[[X, Y], Y], [[[X, Y], Y], Y]]]], [X, [X, Y]]]]"
13,6,7,1577.0 / 345945600,"[X, [X, [[X, [[[X, Y], Y], [[[X, Y], Y], Y]]], [[X, Y], Y]]]]"
13,6,7,-1267.0 / 296524800,"[X, [X, [[X, [[[X, Y], Y], [[[[X, Y], Y], Y], Y]]], [X, Y]]]]"
13,5,8,-16427.0 / 10378368000,"[X, [X, [X, [[[X, Y], Y], [[[[[[X, Y], Y], Y], Y], Y], Y]]]]]"
13,8,5,2161.0 / 7264857600,"[[X, [X, [X, [[[X, Y], Y], Y]]]], [X, [[X, [X, Y]], [X, Y]]]]"
13,7,6,1343.0 / 10897286400,"[[X, [X, [X, [[[X, Y], Y], Y]]]], [X, [X, [[[X, Y], Y], Y]]]]"
13,8,5,239.0 / 69189120,"[X, [[[X, [X, [[[X, Y], Y], Y]]], [X, [X, Y]]], [X, [X, Y]]]]"
13,7,6,697.0 / 726485760,"[X, [[X, [X, [[[X, Y], Y], Y]]], [X, [[X, Y], [[X, Y], Y]]]]]"
13,7,6,5627.0 / 1816214400,"[X, [[X, [X, [[[X, Y], Y], Y]]], [[X, [[X, Y], Y]], [X, Y]]]]"
13,6,7,-1097.0 / 2075673600,"[X, [X, [[X, [[[X, Y], Y], Y]], [X, [[[[X, Y], Y], Y], Y]]]]]"
13,8,5,7099.0 / 3632428800,"[[X, [X, [[X, [[[X, Y], Y], Y]], [X, Y]]]], [X, [X, [X, Y]]]]"
13,7,6,6509.0 / 1816214400,"[X, [[X, [[X, [[[X, Y], Y], Y]], [X, Y]]], [X, [[X, Y], Y]]]]"
13,7,6,1325.0 / 72648576,"[X, [X, [[[[X, [[[X, Y], Y], Y]], [X, Y]], [X, Y]], [X, Y]]]]"
13,6,7,1219.0 / 518918400,"[X, [X, [[X, [[[X, Y], Y], Y]], [[X, Y], [[[X, Y], Y], Y]]]]]"
13,7,6,6757.0 / 605404800,"[X, [[X, [[X, [[[X, Y], Y], Y]], [[X, Y], Y]]], [X, [X, Y]]]]"
13,6,7,367.0 / 29652480,"[X, [X, [[[X, [[[X, Y], Y], Y]], [[X, Y], Y]], [[X, Y], Y]]]]"
13,6,7,5813.0 / 518918400,"[X, [X, [[[X, [[[X, Y], Y], Y]], [[[X, Y], Y], Y]], [X, Y]]]]"
13,5,8,-6427.0 / 5189184000,"[X, [X, [X, [[[[X, Y], Y], Y], [[[[[X, Y], Y], Y], Y], Y]]]]]"
13,7,6,-1457.0 / 7264857600,"[[X, [X, [X, [[[[X, Y], Y], Y], Y]]]], [X, [X, [[X, Y], Y]]]]"
13,7,6,5987.0 / 2421619200,"[X, [[X, [X, [[[[X, Y], Y], Y], Y]]], [[X, [X, Y]], [X, Y]]]]"
13,6,7,241.0 / 518918400,"[X, [[X, [X, [[[[X, Y], Y], Y], Y]]], [X, [[[X, Y], Y], Y]]]]"
13,7,6,14429.0 / 1210809600,"[X, [[X, [[X, [[[[X, Y], Y], Y], Y]], [X, Y]]], [X, [X, Y]]]]"
13,6,7,14731.0 / 2075673600,"[X, [X, [[X, [[[[X, Y], Y], Y], Y]], [[X, Y], [[X, Y], Y]]]]]"
13,6,7,23279.0 / 1037836800,"[X, [X, [[[X, [[[[X, Y], Y], Y], Y]], [[X, Y], Y]], [X, Y]]]]"
13,5,8,1831.0 / 1383782400,"[X, [X, [[X, [[[[X, Y], Y], Y], Y]], [[[[X, Y], Y], Y], Y]]]]"
13,7,6,691.0 / 1651104000,"[[X, [X, [X, [[[[[X, Y], Y], Y], Y], Y]]]], [X, [X, [X, Y]]]]"
13,6,7,73.0 / 123552000,"[X, [[X, [X, [[[[[X, Y], Y], Y], Y], Y]]], [X, [[X, Y], Y]]]]"
13,6,7,17011.0 / 1729728000,"[X, [X, [[[X, [[[[[X, Y], Y], Y], Y], Y]], [X, Y]], [X, Y]]]]"
13,5,8,797.0 / 288288000,"[X, [X, [[X, [[[[[X, Y], Y], Y], Y], Y]], [[[X, Y], Y], Y]]]]"
13,6,7,1009.0 / 648648000,"[X, [[X, [X, [[[[[[X, Y], Y], Y], Y], Y], Y]]], [X, [X, Y]]]]"
13,5,8,4391.0 / 1729728000,"[X, [X, [[X, [[[[[[X, Y], Y], Y], Y], Y], Y]], [[X, Y], Y]]]]"
13,5,8,30773.0 / 18162144000,"[X, [X, [[X, [[[[[[[X, Y], Y], Y], Y], Y], Y], Y]], [X, Y]]]]"
13,4,9,2663.0 / 32691859200,"[X, [X, [X, [[[[[[[[[X, Y], Y], Y], Y], Y], Y], Y], Y], Y]]]]"
13,9,4,-61.0 / 155675520,"[[X, [X, [X, Y]]], [[X, [X, [X, Y]]], [X, [X, [[X, Y], Y]]]]]"
13,9,4,-1513.0 / 5448643200,"[[X, [X, [X, Y]]], [X, [[X, [X, Y]], [[X, [X, Y]], [X, Y]]]]]"
13,8,5,-8341.0 / 7264857600,"[[X, [X, [X, Y]]], [X, [[X, [X, Y]], [X, [[[X, Y], Y], Y]]]]]"
13,9,4,8441.0 / 5448643200,"[[X, [X, [X, Y]]], [[X, [[X, [X, Y]], [X, Y]]], [X, [X, Y]]]]"
13,8,5,8543.0 / 7264857600,"[[X, [X, [X, Y]]], [X, [X, [[X, Y], [[X, Y], [[X, Y], Y]]]]]]"
13,8,5,7573.0 / 7264857600,"[[X, [X, [X, Y]]], [X, [[X, [[X, Y], [[X, Y], Y]]], [X, Y]]]]"
13,7,6,-83.0 / 72648576,"[[X, [X, [X, Y]]], [X, [X, [[X, Y], [[[[X, Y], Y], Y], Y]]]]]"
13,8,5,4181.0 / 14529715200,"[[X, [X, [X, Y]]], [[X, [X, [[X, Y], Y]]], [X, [[X, Y], Y]]]]"
13,8,5,40169.0 / 7264857600,"[[X, [X, [X, Y]]], [X, [[[X, [[X, Y], Y]], [X, Y]], [X, Y]]]]"
13,7,6,71.0 / 1816214400,"[[X, [X, [X, Y]]], [X, [X, [[[X, Y], Y], [[[X, Y], Y], Y]]]]]"
13,8,5,7109.0 / 3632428800,"[[X, [X, [X, Y]]], [[X, [X, [[[X, Y], Y], Y]]], [X, [X, Y]]]]"
13,7,6,5903.0 / 1816214400,"[[X, [X, [X, Y]]], [X, [[X, [[[X, Y], Y], Y]], [[X, Y], Y]]]]"
13,7,6,3301.0 / 908107200,"[[X, [X, [X, Y]]], [X, [[X, [[[[X, Y], Y], Y], Y]], [X, Y]]]]"
13,6,7,691.0 / 1415232000,"[[X, [X, [X, Y]]], [X, [X, [[[[[[X, Y], Y], Y], Y], Y], Y]]]]"
13,9,4,17.0 / 110073600,"[[[X, [X, [X, Y]]], [X, [X, Y]]], [X, [[X, [X, Y]], [X, Y]]]]"
13,8,5,3403.0 / 7264857600,"[[[X, [X, [X, Y]]], [X, [X, Y]]], [X, [X, [[[X, Y], Y], Y]]]]"
13,9,4,-1643.0 / 7264857600,"[[[[X, [X, [X, Y]]], [X, [X, Y]]], [X, [X, Y]]], [X, [X, Y]]]"
13,8,5,-37.0 / 80720640,"[X, [[X, [X, Y]], [[X, [X, Y]], [X, [[X, Y], [[X, Y], Y]]]]]]"
13,8,5,-5.0 / 366912,"[X, [[X, [X, Y]], [[X, [X, Y]], [[X, [[X, Y], Y]], [X, Y]]]]]"
13,7,6,-20173.0 / 3632428800,"[X, [[X, [X, Y]], [[X, [X, Y]], [X, [[[[X, Y], Y], Y], Y]]]]]"
13,8,5,-229.0 / 151351200,"[X, [[X, [X, Y]], [[[X, [X, Y]], [X, Y]], [X, [[X, Y], Y]]]]]"
13,8,5,3299.0 / 605404800,"[X, [[X, [X, Y]], [[[[X, [X, Y]], [X, Y]], [X, Y]], [X, Y]]]]"
13,7,6,10657.0 / 1816214400,"[X, [[X, [X, Y]], [X, [[X, Y], [[X, Y], [[[X, Y], Y], Y]]]]]]"
13,8,5,-37.0 / 151351200,"[[X, [[X, [X, Y]], [X, [[X, Y], [[X, Y], Y]]]]], [X, [X, Y]]]"
13,7,6,-83.0 / 26906880,"[X, [[X, [X, Y]], [X, [[[X, Y], [[X, Y], Y]], [[X, Y], Y]]]]]"
13,7,6,-83.0 / 13453440,"[X, [[X, [X, Y]], [[X, [[X, Y], [[[X, Y], Y], Y]]], [X, Y]]]]"
13,6,7,-1519.0 / 370656000,"[X, [[X, [X, Y]], [X, [[X, Y], [[[[[X, Y], Y], Y], Y], Y]]]]]"
13,8,5,-3917.0 / 14529715200,"[[X, [[X, [X, Y]], [X, [[X, Y], Y]]]], [X, [X, [[X, Y], Y]]]]"
13,8,5,15049.0 / 3632428800,"[X, [[[X, [X, Y]], [X, [[X, Y], Y]]], [[X, [X, Y]], [X, Y]]]]"
13,7,6,-61.0 / 36691200,"[X, [[X, [X, Y]], [[X, [[X, Y], Y]], [X, [[[X, Y], Y], Y]]]]]"
13,8,5,173.0 / 33633600,"[[X, [[X, [X, Y]], [[X, [[X, Y], Y]], [X, Y]]]], [X, [X, Y]]]"
13,7,6,3161.0 / 302702400,"[X, [[X, [X, Y]], [[X, [[X, Y], Y]], [[X, Y], [[X, Y], Y]]]]]"
13,7,6,31327.0 / 1210809600,"[X, [[X, [X, Y]], [[[X, [[X, Y], Y]], [[X, Y], Y]], [X, Y]]]]"
13,6,7,-107.0 / 28828800,"[X, [[X, [X, Y]], [X, [[[X, Y], Y], [[[[X, Y], Y], Y], Y]]]]]"
13,7,6,9419.0 / 3632428800,"[X, [[[X, [X, Y]], [X, [[[X, Y], Y], Y]]], [X, [[X, Y], Y]]]]"
13,7,6,17531.0 / 605404800,"[X, [[X, [X, Y]], [[[X, [[[X, Y], Y], Y]], [X, Y]], [X, Y]]]]"
13,6,7,4649.0 / 778377600,"[X, [[X, [X, Y]], [[X, [[[X, Y], Y], Y]], [[[X, Y], Y], Y]]]]"
13,7,6,179.0 / 75675600,"[[X, [[X, [X, Y]], [X, [[[[X, Y], Y], Y], Y]]]], [X, [X, Y]]]"
13,6,7,193.0 / 15724800,"[X, [[X, [X, Y]], [[X, [[[[X, Y], Y], Y], Y]], [[X, Y], Y]]]]"
13,6,7,29839.0 / 2594592000,"[X, [[X, [X, Y]], [[X, [[[[[X, Y], Y], Y], Y], Y]], [X, Y]]]]"
13,5,8,12563.0 / 12108096000,"[X, [[X, [X, Y]], [X, [[[[[[[X, Y], Y], Y], Y], Y], Y], Y]]]]"
13,8,5,-1039.0 / 7264857600,"[[X, [[X, [X, Y]], [X, Y]]], [X, [X, [[X, Y], [[X, Y], Y]]]]]"
13,8,5,881.0 / 726485760,"[[X, [[X, [X, Y]], [X, Y]]], [X, [[X, [[X, Y], Y]], [X, Y]]]]"
13,7,6,997.0 / 1816214400,"[[X, [[X, [X, Y]], [X, Y]]], [X, [X, [[[[X, Y], Y], Y], Y]]]]"
13,8,5,289.0 / 660441600,"[[X, [[X, [X, Y]], [X, Y]]], [[X, [X, Y]], [X, [[X, Y], Y]]]]"
13,8,5,125.0 / 48432384,"[X, [[[X, [X, Y]], [X, Y]], [[[X, [X, Y]], [X, Y]], [X, Y]]]]"
13,7,6,-2797.0 / 908107200,"[X, [[[X, [X, Y]], [X, Y]], [X, [[X, Y], [[[X, Y], Y], Y]]]]]"
13,8,5,179.0 / 403603200,"[[X, [[[X, [X, Y]], [X, Y]], [X, [[X, Y], Y]]]], [X, [X, Y]]]"
13,7,6,1979.0 / 302702400,"[X, [[[X, [X, Y]], [X, Y]], [[X, [[X, Y], Y]], [[X, Y], Y]]]]"
13,7,6,14671.0 / 908107200,"[X, [[[X, [X, Y]], [X, Y]], [[X, [[[X, Y], Y], Y]], [X, Y]]]]"
13,6,7,809.0 / 216216000,"[X, [[[X, [X, Y]], [X, Y]], [X, [[[[[X, Y], Y], Y], Y], Y]]]]"
13,8,5,463.0 / 2421619200,"[[X, [[[X, [X, Y]], [X, Y]], [X, Y]]], [X, [X, [[X, Y], Y]]]]"
13,8,5,-109.0 / 57657600,"[[X, [[[X, [X, Y]], [X, Y]], [X, Y]]], [[X, [X, Y]], [X, Y]]]"
13,7,6,311.0 / 113513400,"[X, [[[[X, [X, Y]], [X, Y]], [X, Y]], [X, [[[X, Y], Y], Y]]]]"
13,8,5,-17.0 / 6918912,"[[X, [[[[X, [X, Y]], [X, Y]], [X, Y]], [X, Y]]], [X, [X, Y]]]"
13,7,6,-713.0 / 302702400,"[X, [X, [[X, Y], [[X, Y], [[X, Y], [[X, Y], [[X, Y], Y]]]]]]]"
13,7,6,-31.0 / 100900800,"[X, [[X, [[X, Y], [[X, Y], [[X, Y], [[X, Y], Y]]]]], [X, Y]]]"
13,6,7,1193.0 / 207567360,"[X, [X, [[X, Y], [[X, Y], [[X, Y], [[[[X, Y], Y], Y], Y]]]]]]"
13,7,6,-809.0 / 605404800,"[X, [[X, [[X, Y], [[X, Y], [[X, Y], Y]]]], [X, [[X, Y], Y]]]]"
13,7,6,-1879.0 / 121080960,"[X, [[[X, [[X, Y], [[X, Y], [[X, Y], Y]]]], [X, Y]], [X, Y]]]"
13,6,7,-83.0 / 74131200,"[X, [X, [[X, Y], [[X, Y], [[[X, Y], Y], [[[X, Y], Y], Y]]]]]]"
13,7,6,-1277.0 / 454053600,"[[X, [X, [[X, Y], [[X, Y], [[[X, Y], Y], Y]]]]], [X, [X, Y]]]"
13,6,7,-2797.0 / 129729600,"[X, [X, [[X, Y], [[[X, Y], [[[X, Y], Y], Y]], [[X, Y], Y]]]]]"
13,6,7,-3191.0 / 259459200,"[X, [[X, [[X, Y], [[X, Y], [[[[X, Y], Y], Y], Y]]]], [X, Y]]]"
13,5,8,-17257.0 / 5189184000,"[X, [X, [[X, Y], [[X, Y], [[[[[[X, Y], Y], Y], Y], Y], Y]]]]]"
13,7,6,191.0 / 605404800,"[[X, [X, [[X, Y], [[X, Y], Y]]]], [X, [X, [[[X, Y], Y], Y]]]]"
13,8,5,-67.0 / 161441280,"[[[X, [X, [[X, Y], [[X, Y], Y]]]], [X, [X, Y]]], [X, [X, Y]]]"
13,7,6,31.0 / 605404800,"[[X, [X, [[X, Y], [[X, Y], Y]]]], [X, [[X, Y], [[X, Y], Y]]]]"
13,7,6,821.0 / 201801600,"[X, [[X, [[X, Y], [[X, Y], Y]]], [[X, [[X, Y], Y]], [X, Y]]]]"
13,6,7,281.0 / 148262400,"[X, [[X, [[X, Y], [[X, Y], Y]]], [X, [[[[X, Y], Y], Y], Y]]]]"
13,7,6,-223.0 / 302702400,"[X, [[[X, [[X, Y], [[X, Y], Y]]], [X, Y]], [X, [[X, Y], Y]]]]"
13,7,6,-6049.0 / 605404800,"[X, [[[[X, [[X, Y], [[X, Y], Y]]], [X, Y]], [X, Y]], [X, Y]]]"
13,6,7,-1343.0 / 172972800,"[X, [X, [[[X, Y], [[X, Y], Y]], [[X, Y], [[[X, Y], Y], Y]]]]]"
13,7,6,157.0 / 121080960,"[[X, [X, [[[X, Y], [[X, Y], Y]], [[X, Y], Y]]]], [X, [X, Y]]]"
13,6,7,2053.0 / 345945600,"[X, [X, [[[[X, Y], [[X, Y], Y]], [[X, Y], Y]], [[X, Y], Y]]]]"
13,6,7,-1081.0 / 259459200,"[X, [[X, [[X, Y], [[[X, Y], Y], [[[X, Y], Y], Y]]]], [X, Y]]]"
13,5,8,-887.0 / 157248000,"[X, [X, [[X, Y], [[[X, Y], Y], [[[[[X, Y], Y], Y], Y], Y]]]]]"
13,7,6,-229.0 / 605404800,"[[X, [X, [[X, Y], [[[X, Y], Y], Y]]]], [X, [X, [[X, Y], Y]]]]"
13,7,6,601.0 / 908107200,"[[X, [X, [[X, Y], [[[X, Y], Y], Y]]]], [[X, [X, Y]], [X, Y]]]"
13,6,7,349.0 / 259459200,"[X, [[X, [[X, Y], [[[X, Y], Y], Y]]], [X, [[[X, Y], Y], Y]]]]"
13,7,6,157.0 / 60540480,"[[X, [[X, [[X, Y], [[[X, Y], Y], Y]]], [X, Y]]], [X, [X, Y]]]"
13,6,7,17.0 / 10810800,"[X, [[X, [[X, Y], [[[X, Y], Y], Y]]], [[X, Y], [[X, Y], Y]]]]"
13,6,7,5659.0 / 259459200,"[X, [[X, [[[X, Y], [[[X, Y], Y], Y]], [[X, Y], Y]]], [X, Y]]]"
13,5,8,-817.0 / 1037836800,"[X, [X, [[X, Y], [[[[X, Y], Y], Y], [[[[X, Y], Y], Y], Y]]]]]"
13,6,7,1607.0 / 1037836800,"[X, [[X, [[X, Y], [[[[X, Y], Y], Y], Y]]], [X, [[X, Y], Y]]]]"
13,6,7,229.0 / 24710400,"[X, [[[X, [[X, Y], [[[[X, Y], Y], Y], Y]]], [X, Y]], [X, Y]]]"
13,5,8,4913.0 / 518918400,"[X, [X, [[[X, Y], [[[[X, Y], Y], Y], Y]], [[[X, Y], Y], Y]]]]"
13,6,7,191.0 / 103783680,"[[X, [X, [[X, Y], [[[[[X, Y], Y], Y], Y], Y]]]], [X, [X, Y]]]"
13,5,8,8693.0 / 864864000,"[X, [X, [[[X, Y], [[[[[X, Y], Y], Y], Y], Y]], [[X, Y], Y]]]]"
13,5,8,8543.0 / 1729728000,"[X, [[X, [[X, Y], [[[[[[X, Y], Y], Y], Y], Y], Y]]], [X, Y]]]"
13,4,9,2663.0 / 4843238400,"[X, [X, [[X, Y], [[[[[[[[X, Y], Y], Y], Y], Y], Y], Y], Y]]]]"
13,8,5,-43.0 / 7264857600,"[[X, [X, [[X, Y], Y]]], [[X, [X, [[X, Y], Y]]], [X, [X, Y]]]]"
13,7,6,61.0 / 1816214400,"[[X, [X, [[X, Y], Y]]], [X, [[X, [[X, Y], Y]], [[X, Y], Y]]]]"
13,7,6,-113.0 / 363242880,"[[X, [X, [[X, Y], Y]]], [X, [[X, [[[X, Y], Y], Y]], [X, Y]]]]"
13,6,7,-157.0 / 1729728000,"[[X, [X, [[X, Y], Y]]], [X, [X, [[[[[X, Y], Y], Y], Y], Y]]]]"
13,8,5,-23.0 / 33633600,"[[X, [X, [[X, Y], Y]]], [[X, [X, Y]], [[X, [X, Y]], [X, Y]]]]"
13,7,6,-193.0 / 1816214400,"[[X, [X, [[X, Y], Y]]], [[X, [X, Y]], [X, [[[X, Y], Y], Y]]]]"
13,8,5,-8093.0 / 3632428800,"[[[X, [X, [[X, Y], Y]]], [[X, [X, Y]], [X, Y]]], [X, [X, Y]]]"
13,7,6,-23.0 / 908107200,"[[X, [X, [[X, Y], Y]]], [X, [[X, Y], [[X, Y], [[X, Y], Y]]]]]"
13,7,6,-1231.0 / 908107200,"[[X, [X, [[X, Y], Y]]], [[X, [[X, Y], [[X, Y], Y]]], [X, Y]]]"
13,6,7,-113.0 / 345945600,"[[X, [X, [[X, Y], Y]]], [X, [[X, Y], [[[[X, Y], Y], Y], Y]]]]"
13,7,6,-47.0 / 302702400,"[[[X, [X, [[X, Y], Y]]], [X, [[X, Y], Y]]], [X, [[X, Y], Y]]]"
13,7,6,24919.0 / 3632428800,"[X, [[X, [[X, Y], Y]], [[[X, [[X, Y], Y]], [X, Y]], [X, Y]]]]"
13,6,7,1.0 / 3843840,"[X, [[X, [[X, Y], Y]], [X, [[[X, Y], Y], [[[X, Y], Y], Y]]]]]"
13,7,6,1039.0 / 1816214400,"[[X, [[X, [[X, Y], Y]], [X, [[[X, Y], Y], Y]]]], [X, [X, Y]]]"
13,6,7,3331.0 / 518918400,"[X, [[X, [[X, Y], Y]], [[X, [[[X, Y], Y], Y]], [[X, Y], Y]]]]"
13,6,7,1843.0 / 259459200,"[X, [[X, [[X, Y], Y]], [[X, [[[[X, Y], Y], Y], Y]], [X, Y]]]]"
13,5,8,10229.0 / 10378368000,"[X, [[X, [[X, Y], Y]], [X, [[[[[[X, Y], Y], Y], Y], Y], Y]]]]"
13,7,6,-197.0 / 908107200,"[[X, [[X, [[X, Y], Y]], [X, Y]]], [X, [X, [[[X, Y], Y], Y]]]]"
13,8,5,-5413.0 / 1210809600,"[[[X, [[X, [[X, Y], Y]], [X, Y]]], [X, [X, Y]]], [X, [X, Y]]]"
13,7,6,-449.0 / 302702400,"[[X, [[X, [[X, Y], Y]], [X, Y]]], [X, [[X, Y], [[X, Y], Y]]]]"
13,7,6,-701.0 / 302702400,"[[X, [[X, [[X, Y], Y]], [X, Y]]], [[X, [[X, Y], Y]], [X, Y]]]"
13,6,7,311.0 / 64864800,"[X, [[[X, [[X, Y], Y]], [X, Y]], [X, [[[[X, Y], Y], Y], Y]]]]"
13,7,6,-79.0 / 33022080,"[[X, [[[X, [[X, Y], Y]], [X, Y]], [X, Y]]], [X, [[X, Y], Y]]]"
13,7,6,-8537.0 / 605404800,"[X, [[[[[X, [[X, Y], Y]], [X, Y]], [X, Y]], [X, Y]], [X, Y]]]"
13,6,7,-113.0 / 17297280,"[X, [[X, [[X, Y], Y]], [[X, Y], [[X, Y], [[[X, Y], Y], Y]]]]]"
13,7,6,-659.0 / 151351200,"[[X, [[X, [[X, Y], Y]], [[X, Y], [[X, Y], Y]]]], [X, [X, Y]]]"
13,6,7,-1.0 / 1123200,"[X, [[X, [[X, Y], Y]], [[[X, Y], [[X, Y], Y]], [[X, Y], Y]]]]"
13,6,7,-1.0 / 561600,"[X, [[[X, [[X, Y], Y]], [[X, Y], [[[X, Y], Y], Y]]], [X, Y]]]"
13,5,8,5969.0 / 1729728000,"[X, [[X, [[X, Y], Y]], [[X, Y], [[[[[X, Y], Y], Y], Y], Y]]]]"
13,7,6,-881.0 / 454053600,"[[X, [[X, [[X, Y], Y]], [[X, Y], Y]]], [[X, [X, Y]], [X, Y]]]"
13,6,7,-1.0 / 4633200,"[X, [[[X, [[X, Y], Y]], [[X, Y], Y]], [X, [[[X, Y], Y], Y]]]]"
13,7,6,-6311.0 / 605404800,"[[X, [[[X, [[X, Y], Y]], [[X, Y], Y]], [X, Y]]], [X, [X, Y]]]"
13,6,7,-181.0 / 15724800,"[X, [[[X, [[X, Y], Y]], [[X, Y], Y]], [[X, Y], [[X, Y], Y]]]]"
13,6,7,-43.0 / 2882880,"[X, [[[[X, [[X, Y], Y]], [[X, Y], Y]], [[X, Y], Y]], [X, Y]]]"
13,5,8,-17111.0 / 2075673600,"[X, [X, [[[X, Y], Y], [[[X, Y], Y], [[[[X, Y], Y], Y], Y]]]]]"
13,6,7,-1.0 / 1747200,"[[X, [X, [[[X, Y], Y], [[[X, Y], Y], Y]]]], [X, [[X, Y], Y]]]"
13,6,7,-1.0 / 192192,"[X, [[[X, [[[X, Y], Y], [[[X, Y], Y], Y]]], [X, Y]], [X, Y]]]"
13,5,8,1783.0 / 518918400,"[X, [X, [[[[X, Y], Y], [[[X, Y], Y], Y]], [[[X, Y], Y], Y]]]]"
13,6,7,1817.0 / 1037836800,"[[X, [X, [[[X, Y], Y], [[[[X, Y], Y], Y], Y]]]], [X, [X, Y]]]"
13,5,8,1409.0 / 691891200,"[X, [[X, [[[X, Y], Y], [[[[X, Y], Y], Y], Y]]], [[X, Y], Y]]]"
13,5,8,13709.0 / 1729728000,"[X, [[X, [[[X, Y], Y], [[[[[X, Y], Y], Y], Y], Y]]], [X, Y]]]"
13,4,9,607.0 / 403603200,"[X, [X, [[[X, Y], Y], [[[[[[[X, Y], Y], Y], Y], Y], Y], Y]]]]"
13,6,7,683.0 / 3113510400,"[[X, [X, [[[X, Y], Y], Y]]], [X, [X, [[[[X, Y], Y], Y], Y]]]]"
13,7,6,17.0 / 227026800,"[[X, [X, [[[X, Y], Y], Y]]], [[X, [X, Y]], [X, [[X, Y], Y]]]]"
13,7,6,-881.0 / 908107200,"[[X, [X, [[[X, Y], Y], Y]]], [[[X, [X, Y]], [X, Y]], [X, Y]]]"
13,6,7,31.0 / 155675520,"[[X, [X, [[[X, Y], Y], Y]]], [X, [[X, Y], [[[X, Y], Y], Y]]]]"
13,7,6,-157.0 / 151351200,"[[[X, [X, [[[X, Y], Y], Y]]], [X, [[X, Y], Y]]], [X, [X, Y]]]"
13,6,7,-283.0 / 518918400,"[[X, [X, [[[X, Y], Y], Y]]], [[X, [[X, Y], Y]], [[X, Y], Y]]]"
13,6,7,379.0 / 778377600,"[X, [[X, [[[X, Y], Y], Y]], [[X, [[[X, Y], Y], Y]], [X, Y]]]]"
13,5,8,3209.0 / 5189184000,"[X, [[X, [[[X, Y], Y], Y]], [X, [[[[[X, Y], Y], Y], Y], Y]]]]"
13,7,6,-5.0 / 1100736,"[[X, [[X, [[[X, Y], Y], Y]], [X, Y]]], [[X, [X, Y]], [X, Y]]]"
13,6,7,-251.0 / 194594400,"[[X, [[X, [[[X, Y], Y], Y]], [X, Y]]], [X, [[[X, Y], Y], Y]]]"
13,7,6,-887.0 / 75675600,"[[X, [[[X, [[[X, Y], Y], Y]], [X, Y]], [X, Y]]], [X, [X, Y]]]"
13,6,7,-283.0 / 37065600,"[X, [[X, [[[X, Y], Y], Y]], [[X, Y], [[X, Y], [[X, Y], Y]]]]]"
13,6,7,-709.0 / 28828800,"[X, [[[X, [[[X, Y], Y], Y]], [[X, Y], [[X, Y], Y]]], [X, Y]]]"
13,5,8,107.0 / 148262400,"[X, [[X, [[[X, Y], Y], Y]], [[X, Y], [[[[X, Y], Y], Y], Y]]]]"
13,6,7,-61.0 / 43243200,"[[X, [[X, [[[X, Y], Y], Y]], [[X, Y], Y]]], [X, [[X, Y], Y]]]"
13,6,7,-3793.0 / 86486400,"[X, [[[[X, [[[X, Y], Y], Y]], [[X, Y], Y]], [X, Y]], [X, Y]]]"
13,5,8,-2291.0 / 518918400,"[X, [[X, [[[X, Y], Y], Y]], [[[X, Y], Y], [[[X, Y], Y], Y]]]]"
13,6,7,-1801.0 / 778377600,"[[X, [[X, [[[X, Y], Y], Y]], [[[X, Y], Y], Y]]], [X, [X, Y]]]"
13,5,8,-4391.0 / 518918400,"[X, [[[X, [[[X, Y], Y], Y]], [[[X, Y], Y], Y]], [[X, Y], Y]]]"
13,5,8,79.0 / 94348800,"[X, [[X, [[[[X, Y], Y], Y], [[[[X, Y], Y], Y], Y]]], [X, Y]]]"
13,4,9,113.0 / 57657600,"[X, [X, [[[[X, Y], Y], Y], [[[[[[X, Y], Y], Y], Y], Y], Y]]]]"
13,7,6,-23.0 / 15135120,"[[[X, [X, [[[[X, Y], Y], Y], Y]]], [X, [X, Y]]], [X, [X, Y]]]"
13,6,7,-551.0 / 1037836800,"[[X, [X, [[[[X, Y], Y], Y], Y]]], [X, [[X, Y], [[X, Y], Y]]]]"
13,6,7,-419.0 / 518918400,"[[X, [X, [[[[X, Y], Y], Y], Y]]], [[X, [[X, Y], Y]], [X, Y]]]"
13,5,8,23.0 / 1383782400,"[[X, [X, [[[[X, Y], Y], Y], Y]]], [X, [[[[X, Y], Y], Y], Y]]]"
13,6,7,-1.0 / 988416,"[[X, [[X, [[[[X, Y], Y], Y], Y]], [X, Y]]], [X, [[X, Y], Y]]]"
13,6,7,-3763.0 / 259459200,"[X, [[[[X, [[[[X, Y], Y], Y], Y]], [X, Y]], [X, Y]], [X, Y]]]"
13,5,8,-131.0 / 49420800,"[X, [[X, [[[[X, Y], Y], Y], Y]], [[X, Y], [[[X, Y], Y], Y]]]]"
13,6,7,-2461.0 / 518918400,"[[X, [[X, [[[[X, Y], Y], Y], Y]], [[X, Y], Y]]], [X, [X, Y]]]"
13,5,8,-1877.0 / 230630400,"[X, [[[X, [[[[X, Y], Y], Y], Y]], [[X, Y], Y]], [[X, Y], Y]]]"
13,5,8,-2357.0 / 172972800,"[X, [[[X, [[[[X, Y], Y], Y], Y]], [[[X, Y], Y], Y]], [X, Y]]]"
13,4,9,667.0 / 1037836800,"[X, [X, [[[[[X, Y], Y], Y], Y], [[[[[X, Y], Y], Y], Y], Y]]]]"
13,6,7,-157.0 / 172972800,"[[X, [X, [[[[[X, Y], Y], Y], Y], Y]]], [[X, [X, Y]], [X, Y]]]"
13,5,8,-551.0 / 2594592000,"[[X, [X, [[[[[X, Y], Y], Y], Y], Y]]], [X, [[[X, Y], Y], Y]]]"
13,6,7,-37.0 / 8108100,"[[X, [[X, [[[[[X, Y], Y], Y], Y], Y]], [X, Y]]], [X, [X, Y]]]"
13,5,8,-2657.0 / 576576000,"[X, [[X, [[[[[X, Y], Y], Y], Y], Y]], [[X, Y], [[X, Y], Y]]]]"
13,5,8,-3877.0 / 288288000,"[X, [[[X, [[[[[X, Y], Y], Y], Y], Y]], [[X, Y], Y]], [X, Y]]]"
13,4,9,-617.0 / 518918400,"[X, [[X, [[[[[X, Y], Y], Y], Y], Y]], [[[[X, Y], Y], Y], Y]]]"
13,5,8,-157.0 / 1729728000,"[[X, [X, [[[[[[X, Y], Y], Y], Y], Y], Y]]], [X, [[X, Y], Y]]]"
13,5,8,-27631.0 / 5189184000,"[X, [[[X, [[[[[[X, Y], Y], Y], Y], Y], Y]], [X, Y]], [X, Y]]]"
13,4,9,-1013.0 / 778377600,"[X, [[X, [[[[[[X, Y], Y], Y], Y], Y], Y]], [[[X, Y], Y], Y]]]"
13,5,8,-691.0 / 1651104000,"[[X, [X, [[[[[[[X, Y], Y], Y], Y], Y], Y], Y]]], [X, [X, Y]]]"
13,4,9,-2003.0 / 1816214400,"[X, [[X, [[[[[[[X, Y], Y], Y], Y], Y], Y], Y]], [[X, Y], Y]]]"
13,4,9,-1283.0 / 1816214400,"[X, [[X, [[[[[[[[X, Y], Y], Y], Y], Y], Y], Y], Y]], [X, Y]]]"
13,3,10,-1283.0 / 40864824000,"[X, [X, [[[[[[[[[[X, Y], Y], Y], Y], Y], Y], Y], Y], Y], Y]]]"
13,8,5,-1643.0 / 807206400,"[[X, [X, Y]], [[X, [X, Y]], [[X, [X, Y]], [X, [[X, Y], Y]]]]]"
13,8,5,127.0 / 34594560,"[[X, [X, Y]], [[X, [X, Y]], [[[X, [X, Y]], [X, Y]], [X, Y]]]]"
13,7,6,-3907.0 / 1816214400,"[[X, [X, Y]], [[X, [X, Y]], [X, [[X, Y], [[[X, Y], Y], Y]]]]]"
13,7,6,607.0 / 110073600,"[[X, [X, Y]], [[X, [X, Y]], [[X, [[X, Y], Y]], [[X, Y], Y]]]]"
13,7,6,11969.0 / 908107200,"[[X, [X, Y]], [[X, [X, Y]], [[X, [[[X, Y], Y], Y]], [X, Y]]]]"
13,6,7,493.0 / 172972800,"[[X, [X, Y]], [[X, [X, Y]], [X, [[[[[X, Y], Y], Y], Y], Y]]]]"
13,8,5,-317.0 / 259459200,"[[[X, [X, Y]], [[X, [X, Y]], [X, Y]]], [[X, [X, Y]], [X, Y]]]"
13,7,6,107.0 / 28378350,"[[X, [X, Y]], [[[X, [X, Y]], [X, Y]], [X, [[[X, Y], Y], Y]]]]"
13,7,6,1.0 / 1401400,"[[X, [X, Y]], [X, [[X, Y], [[X, Y], [[X, Y], [[X, Y], Y]]]]]]"
13,7,6,-1451.0 / 151351200,"[[X, [X, Y]], [[X, [[X, Y], [[X, Y], [[X, Y], Y]]]], [X, Y]]]"
13,6,7,-149.0 / 28828800,"[[X, [X, Y]], [X, [[X, Y], [[X, Y], [[[[X, Y], Y], Y], Y]]]]]"
13,7,6,151.0 / 302702400,"[[X, [X, Y]], [[X, [[X, Y], [[X, Y], Y]]], [X, [[X, Y], Y]]]]"
13,7,6,-97.0 / 13759200,"[[X, [X, Y]], [[[X, [[X, Y], [[X, Y], Y]]], [X, Y]], [X, Y]]]"
13,6,7,-31.0 / 18532800,"[[X, [X, Y]], [X, [[X, Y], [[[X, Y], Y], [[[X, Y], Y], Y]]]]]"
13,6,7,47.0 / 5189184,"[[X, [X, Y]], [X, [[[X, Y], [[[X, Y], Y], Y]], [[X, Y], Y]]]]"
13,6,7,241.0 / 32432400,"[[X, [X, Y]], [[X, [[X, Y], [[[[X, Y], Y], Y], Y]]], [X, Y]]]"
13,5,8,107.0 / 54054000,"[[X, [X, Y]], [X, [[X, Y], [[[[[[X, Y], Y], Y], Y], Y], Y]]]]"
13,7,6,-1147.0 / 1210809600,"[[[X, [X, Y]], [X, [[X, Y], Y]]], [X, [[X, Y], [[X, Y], Y]]]]"
13,7,6,269.0 / 302702400,"[[X, [X, Y]], [[X, [[X, Y], Y]], [[X, [[X, Y], Y]], [X, Y]]]]"
13,6,7,191.0 / 103783680,"[[X, [X, Y]], [[X, [[X, Y], Y]], [X, [[[[X, Y], Y], Y], Y]]]]"
13,7,6,-337.0 / 100900800,"[[[X, [X, Y]], [[X, [[X, Y], Y]], [X, Y]]], [X, [[X, Y], Y]]]"
13,7,6,-641.0 / 37837800,"[[X, [X, Y]], [[[[X, [[X, Y], Y]], [X, Y]], [X, Y]], [X, Y]]]"
13,6,7,41.0 / 259459200,"[[X, [X, Y]], [[X, [[X, Y], Y]], [[X, Y], [[[X, Y], Y], Y]]]]"
13,6,7,-821.0 / 172972800,"[[X, [X, Y]], [[[X, [[X, Y], Y]], [[X, Y], Y]], [[X, Y], Y]]]"
13,6,7,-7.0 / 3088800,"[[X, [X, Y]], [[X, [[[X, Y], Y], [[[X, Y], Y], Y]]], [X, Y]]]"
13,5,8,103.0 / 32032000,"[[X, [X, Y]], [X, [[[X, Y], Y], [[[[[X, Y], Y], Y], Y], Y]]]]"
13,7,6,-577.0 / 201801600,"[[[X, [X, Y]], [X, [[[X, Y], Y], Y]]], [[X, [X, Y]], [X, Y]]]"
13,6,7,-17.0 / 37065600,"[[[X, [X, Y]], [X, [[[X, Y], Y], Y]]], [X, [[[X, Y], Y], Y]]]"
13,6,7,-509.0 / 64864800,"[[X, [X, Y]], [[X, [[[X, Y], Y], Y]], [[X, Y], [[X, Y], Y]]]]"
13,6,7,-743.0 / 25945920,"[[X, [X, Y]], [[[X, [[[X, Y], Y], Y]], [[X, Y], Y]], [X, Y]]]"
13,5,8,79.0 / 129729600,"[[X, [X, Y]], [X, [[[[X, Y], Y], Y], [[[[X, Y], Y], Y], Y]]]]"
13,6,7,-61.0 / 74131200,"[[[X, [X, Y]], [X, [[[[X, Y], Y], Y], Y]]], [X, [[X, Y], Y]]]"
13,6,7,-7747.0 / 518918400,"[[X, [X, Y]], [[[X, [[[[X, Y], Y], Y], Y]], [X, Y]], [X, Y]]]"
13,5,8,-2383.0 / 518918400,"[[X, [X, Y]], [[X, [[[[X, Y], Y], Y], Y]], [[[X, Y], Y], Y]]]"
13,5,8,-4033.0 / 864864000,"[[X, [X, Y]], [[X, [[[[[X, Y], Y], Y], Y], Y]], [[X, Y], Y]]]"
13,5,8,-2477.0 / 648648000,"[[X, [X, Y]], [[X, [[[[[[X, Y], Y], Y], Y], Y], Y]], [X, Y]]]"
13,4,9,-691.0 / 2641766400,"[[X, [X, Y]], [X, [[[[[[[[X, Y], Y], Y], Y], Y], Y], Y], Y]]]"
13,7,6,-373.0 / 165110400,"[[[X, [X, Y]], [X, Y]], [X, [[X, Y], [[X, Y], [[X, Y], Y]]]]]"
13,7,6,-2173.0 / 1816214400,"[[[X, [X, Y]], [X, Y]], [[X, [[X, Y], [[X, Y], Y]]], [X, Y]]]"
13,6,7,323.0 / 129729600,"[[[X, [X, Y]], [X, Y]], [X, [[X, Y], [[[[X, Y], Y], Y], Y]]]]"
13,7,6,-379.0 / 1210809600,"[[[[X, [X, Y]], [X, Y]], [X, [[X, Y], Y]]], [X, [[X, Y], Y]]]"
13,7,6,-797.0 / 72648576,"[[[X, [X, Y]], [X, Y]], [[[X, [[X, Y], Y]], [X, Y]], [X, Y]]]"
13,6,7,-1.0 / 7207200,"[[[X, [X, Y]], [X, Y]], [X, [[[X, Y], Y], [[[X, Y], Y], Y]]]]"
13,6,7,-193.0 / 25945920,"[[[X, [X, Y]], [X, Y]], [[X, [[[X, Y], Y], Y]], [[X, Y], Y]]]"
13,6,7,-2159.0 / 259459200,"[[[X, [X, Y]], [X, Y]], [[X, [[[[X, Y], Y], Y], Y]], [X, Y]]]"
13,5,8,-367.0 / 324324000,"[[[X, [X, Y]], [X, Y]], [X, [[[[[[X, Y], Y], Y], Y], Y], Y]]]"
13,7,6,551.0 / 605404800,"[[[[X, [X, Y]], [X, Y]], [X, Y]], [X, [[X, Y], [[X, Y], Y]]]]"
13,7,6,-1.0 / 458640,"[[[[X, [X, Y]], [X, Y]], [X, Y]], [[X, [[X, Y], Y]], [X, Y]]]"
13,6,7,-947.0 / 518918400,"[[[[X, [X, Y]], [X, Y]], [X, Y]], [X, [[[[X, Y], Y], Y], Y]]]"
13,7,6,3.0 / 5605600,"[[[[[X, [X, Y]], [X, Y]], [X, Y]], [X, Y]], [X, [[X, Y], Y]]]"
13,7,6,191.0 / 302702400,"[[[[[[X, [X, Y]], [X, Y]], [X, Y]], [X, Y]], [X, Y]], [X, Y]]"
13,6,7,79.0 / 7207200,"[X, [[X, Y], [[X, Y], [[X, Y], [[X, Y], [[[X, Y], Y], Y]]]]]]"
13,6,7,-173.0 / 12355200,"[X, [[X, Y], [[X, Y], [[[X, Y], [[X, Y], Y]], [[X, Y], Y]]]]]"
13,6,7,-263.0 / 43243200,"[[X, [[X, Y], [[X, Y], [[X, Y], [[[X, Y], Y], Y]]]]], [X, Y]]"
13,5,8,-2969.0 / 288288000,"[X, [[X, Y], [[X, Y], [[X, Y], [[[[[X, Y], Y], Y], Y], Y]]]]]"
13,6,7,1.0 / 9609600,"[[X, [[X, Y], [[X, Y], [[X, Y], Y]]]], [X, [[[X, Y], Y], Y]]]"
13,6,7,59.0 / 10810800,"[X, [[[X, Y], [[X, Y], [[X, Y], Y]]], [[X, Y], [[X, Y], Y]]]]"
13,6,7,859.0 / 86486400,"[[X, [[X, Y], [[[X, Y], [[X, Y], Y]], [[X, Y], Y]]]], [X, Y]]"
13,5,8,-961.0 / 94348800,"[X, [[X, Y], [[X, Y], [[[X, Y], Y], [[[[X, Y], Y], Y], Y]]]]]"
13,6,7,1.0 / 4118400,"[[X, [[X, Y], [[X, Y], [[[X, Y], Y], Y]]]], [X, [[X, Y], Y]]]"
13,6,7,149.0 / 21621600,"[[[X, [[X, Y], [[X, Y], [[[X, Y], Y], Y]]]], [X, Y]], [X, Y]]"
13,5,8,1091.0 / 86486400,"[X, [[X, Y], [[[X, Y], [[[X, Y], Y], Y]], [[[X, Y], Y], Y]]]]"
13,5,8,14059.0 / 518918400,"[X, [[X, Y], [[[X, Y], [[[[X, Y], Y], Y], Y]], [[X, Y], Y]]]]"
13,5,8,2711.0 / 432432000,"[[X, [[X, Y], [[X, Y], [[[[[X, Y], Y], Y], Y], Y]]]], [X, Y]]"
13,4,9,613.0 / 242161920,"[X, [[X, Y], [[X, Y], [[[[[[[X, Y], Y], Y], Y], Y], Y], Y]]]]"
13,6,7,1.0 / 1310400,"[[X, [[X, Y], [[X, Y], Y]]], [X, [[X, Y], [[[X, Y], Y], Y]]]]"
13,6,7,-23.0 / 17297280,"[[X, [[X, Y], [[X, Y], Y]]], [[X, [[X, Y], Y]], [[X, Y], Y]]]"
13,6,7,-37.0 / 10810800,"[[X, [[X, Y], [[X, Y], Y]]], [[X, [[[X, Y], Y], Y]], [X, Y]]]"
13,5,8,-661.0 / 864864000,"[[X, [[X, Y], [[X, Y], Y]]], [X, [[[[[X, Y], Y], Y], Y], Y]]]"
13,6,7,-89.0 / 51891840,"[[[X, [[X, Y], [[X, Y], Y]]], [X, Y]], [X, [[[X, Y], Y], Y]]]"
13,6,7,1.0 / 320320,"[[X, [[X, Y], [[X, Y], Y]]], [[X, Y], [[X, Y], [[X, Y], Y]]]]"
13,6,7,29.0 / 10810800,"[[[X, [[X, Y], [[X, Y], Y]]], [[X, Y], [[X, Y], Y]]], [X, Y]]"
13,5,8,10757.0 / 1037836800,"[X, [[[X, Y], [[X, Y], Y]], [[X, Y], [[[[X, Y], Y], Y], Y]]]]"
13,6,7,-17.0 / 34594560,"[[X, [[[X, Y], [[X, Y], Y]], [[X, Y], Y]]], [X, [[X, Y], Y]]]"
13,6,7,-67.0 / 43243200,"[[[X, [[[X, Y], [[X, Y], Y]], [[X, Y], Y]]], [X, Y]], [X, Y]]"
13,5,8,-97.0 / 8236800,"[X, [[X, Y], [[[X, Y], Y], [[[X, Y], Y], [[[X, Y], Y], Y]]]]]"
13,5,8,-127.0 / 57657600,"[X, [[[X, Y], [[[X, Y], Y], [[[X, Y], Y], Y]]], [[X, Y], Y]]]"
13,5,8,1739.0 / 259459200,"[[X, [[X, Y], [[[X, Y], Y], [[[[X, Y], Y], Y], Y]]]], [X, Y]]"
13,4,9,527.0 / 94348800,"[X, [[X, Y], [[[X, Y], Y], [[[[[[X, Y], Y], Y], Y], Y], Y]]]]"
13,6,7,-241.0 / 129729600,"[[X, [[X, Y], [[[X, Y], Y], Y]]], [[X, [[X, Y], Y]], [X, Y]]]"
13,5,8,-151.0 / 518918400,"[[X, [[X, Y], [[[X, Y], Y], Y]]], [X, [[[[X, Y], Y], Y], Y]]]"
13,6,7,-17.0 / 17297280,"[[[X, [[X, Y], [[[X, Y], Y], Y]]], [X, Y]], [X, [[X, Y], Y]]]"
13,6,7,-67.0 / 64864800,"[[[[X, [[X, Y], [[[X, Y], Y], Y]]], [X, Y]], [X, Y]], [X, Y]]"
13,5,8,-101.0 / 259459200,"[[X, [[X, Y], [[[X, Y], Y], Y]]], [[X, Y], [[[X, Y], Y], Y]]]"
13,5,8,-9803.0 / 518918400,"[X, [[[[X, Y], [[[X, Y], Y], Y]], [[X, Y], Y]], [[X, Y], Y]]]"
13,5,8,-263.0 / 43243200,"[[X, [[[X, Y], [[[X, Y], Y], Y]], [[[X, Y], Y], Y]]], [X, Y]]"
13,4,9,353.0 / 74131200,"[X, [[X, Y], [[[[X, Y], Y], Y], [[[[[X, Y], Y], Y], Y], Y]]]]"
13,5,8,-331.0 / 518918400,"[[X, [[X, Y], [[[[X, Y], Y], Y], Y]]], [X, [[[X, Y], Y], Y]]]"
13,5,8,-139.0 / 74131200,"[[X, [[X, Y], [[[[X, Y], Y], Y], Y]]], [[X, Y], [[X, Y], Y]]]"
13,5,8,-3557.0 / 259459200,"[[X, [[[X, Y], [[[[X, Y], Y], Y], Y]], [[X, Y], Y]]], [X, Y]]"
13,4,9,-361.0 / 138378240,"[X, [[[X, Y], [[[[X, Y], Y], Y], Y]], [[[[X, Y], Y], Y], Y]]]"
13,5,8,-361.0 / 864864000,"[[X, [[X, Y], [[[[[X, Y], Y], Y], Y], Y]]], [X, [[X, Y], Y]]]"
13,5,8,-449.0 / 108108000,"[[[X, [[X, Y], [[[[[X, Y], Y], Y], Y], Y]]], [X, Y]], [X, Y]]"
13,4,9,-499.0 / 86486400,"[X, [[[X, Y], [[[[[X, Y], Y], Y], Y], Y]], [[[X, Y], Y], Y]]]"
13,4,9,-317.0 / 57657600,"[X, [[[X, Y], [[[[[[X, Y], Y], Y], Y], Y], Y]], [[X, Y], Y]]]"
13,4,9,-5189.0 / 3632428800,"[[X, [[X, Y], [[[[[[[X, Y], Y], Y], Y], Y], Y], Y]]], [X, Y]]"
13,3,10,-28129.0 / 130767436800,"[X, [[X, Y], [[[[[[[[[X, Y], Y], Y], Y], Y], Y], Y], Y], Y]]]"
13,6,7,269.0 / 518918400,"[[X, [[X, Y], Y]], [[X, [[X, Y], Y]], [X, [[[X, Y], Y], Y]]]]"
13,6,7,-1.0 / 576576,"[[X, [[X, Y], Y]], [[X, [[X, Y], Y]], [[X, Y], [[X, Y], Y]]]]"
13,6,7,-79.0 / 15724800,"[[X, [[X, Y], Y]], [[[X, [[X, Y], Y]], [[X, Y], Y]], [X, Y]]]"
13,5,8,109.0 / 518918400,"[[X, [[X, Y], Y]], [X, [[[X, Y], Y], [[[[X, Y], Y], Y], Y]]]]"
13,6,7,-53.0 / 9609600,"[[X, [[X, Y], Y]], [[[X, [[[X, Y], Y], Y]], [X, Y]], [X, Y]]]"
13,5,8,-349.0 / 259459200,"[[X, [[X, Y], Y]], [[X, [[[X, Y], Y], Y]], [[[X, Y], Y], Y]]]"
13,5,8,-1447.0 / 518918400,"[[X, [[X, Y], Y]], [[X, [[[[X, Y], Y], Y], Y]], [[X, Y], Y]]]"
13,5,8,-2053.0 / 864864000,"[[X, [[X, Y], Y]], [[X, [[[[[X, Y], Y], Y], Y], Y]], [X, Y]]]"
13,4,9,-1457.0 / 7264857600,"[[X, [[X, Y], Y]], [X, [[[[[[[X, Y], Y], Y], Y], Y], Y], Y]]]"
13,6,7,-59.0 / 28828800,"[[[X, [[X, Y], Y]], [X, Y]], [[X, [[X, Y], Y]], [[X, Y], Y]]]"
13,6,7,-193.0 / 32432400,"[[[X, [[X, Y], Y]], [X, Y]], [[X, [[[X, Y], Y], Y]], [X, Y]]]"
13,5,8,-257.0 / 144144000,"[[[X, [[X, Y], Y]], [X, Y]], [X, [[[[[X, Y], Y], Y], Y], Y]]]"
13,6,7,-1.0 / 1474200,"[[[[X, [[X, Y], Y]], [X, Y]], [X, Y]], [X, [[[X, Y], Y], Y]]]"
13,6,7,1.0 / 576576,"[[X, [[X, Y], Y]], [[X, Y], [[X, Y], [[X, Y], [[X, Y], Y]]]]]"
13,6,7,19.0 / 1601600,"[[[X, [[X, Y], Y]], [[X, Y], [[X, Y], [[X, Y], Y]]]], [X, Y]]"
13,5,8,509.0 / 259459200,"[[X, [[X, Y], Y]], [[X, Y], [[X, Y], [[[[X, Y], Y], Y], Y]]]]"
13,6,7,1373.0 / 86486400,"[[[[X, [[X, Y], Y]], [[X, Y], [[X, Y], Y]]], [X, Y]], [X, Y]]"
13,5,8,71.0 / 86486400,"[[X, [[X, Y], Y]], [[X, Y], [[[X, Y], Y], [[[X, Y], Y], Y]]]]"
13,5,8,-137.0 / 37065600,"[[X, [[X, Y], Y]], [[[X, Y], [[[X, Y], Y], Y]], [[X, Y], Y]]]"
13,5,8,-953.0 / 259459200,"[[[X, [[X, Y], Y]], [[X, Y], [[[[X, Y], Y], Y], Y]]], [X, Y]]"
13,4,9,-113.0 / 115315200,"[[X, [[X, Y], Y]], [[X, Y], [[[[[[X, Y], Y], Y], Y], Y], Y]]]"
13,5,8,-289.0 / 518918400,"[[[X, [[X, Y], Y]], [[X, Y], Y]], [X, [[[[X, Y], Y], Y], Y]]]"
13,6,7,487.0 / 43243200,"[[[[[X, [[X, Y], Y]], [[X, Y], Y]], [X, Y]], [X, Y]], [X, Y]]"
13,5,8,17.0 / 16216200,"[[[X, [[X, Y], Y]], [[X, Y], Y]], [[X, Y], [[[X, Y], Y], Y]]]"
13,5,8,67.0 / 49420800,"[[[[X, [[X, Y], Y]], [[X, Y], Y]], [[X, Y], Y]], [[X, Y], Y]]"
13,5,8,701.0 / 86486400,"[[X, [[[X, Y], Y], [[[X, Y], Y], [[[X, Y], Y], Y]]]], [X, Y]]"
13,4,9,2747.0 / 345945600,"[X, [[[X, Y], Y], [[[X, Y], Y], [[[[[X, Y], Y], Y], Y], Y]]]]"
13,5,8,-1.0 / 3931200,"[[X, [[[X, Y], Y], [[[X, Y], Y], Y]]], [X, [[[X, Y], Y], Y]]]"
13,5,8,47.0 / 43243200,"[[X, [[[X, Y], Y], [[[X, Y], Y], Y]]], [[X, Y], [[X, Y], Y]]]"
13,5,8,127.0 / 21621600,"[[[X, [[[X, Y], Y], [[[X, Y], Y], Y]]], [[X, Y], Y]], [X, Y]]"
13,4,9,569.0 / 207567360,"[X, [[[X, Y], Y], [[[[X, Y], Y], Y], [[[[X, Y], Y], Y], Y]]]]"
13,5,8,-1783.0 / 518918400,"[[[X, [[[X, Y], Y], [[[[X, Y], Y], Y], Y]]], [X, Y]], [X, Y]]"
13,4,9,-19.0 / 2471040,"[X, [[[[X, Y], Y], [[[[X, Y], Y], Y], Y]], [[[X, Y], Y], Y]]]"
13,4,9,-47.0 / 31449600,"[[X, [[[X, Y], Y], [[[[[X, Y], Y], Y], Y], Y]]], [[X, Y], Y]]"
13,4,9,-3217.0 / 1037836800,"[[X, [[[X, Y], Y], [[[[[[X, Y], Y], Y], Y], Y], Y]]], [X, Y]]"
13,3,10,-18253.0 / 29059430400,"[X, [[[X, Y], Y], [[[[[[[[X, Y], Y], Y], Y], Y], Y], Y], Y]]]"
13,5,8,-223.0 / 259459200,"[[X, [[[X, Y], Y], Y]], [[X, [[[X, Y], Y], Y]], [[X, Y], Y]]]"
13,5,8,-167.0 / 129729600,"[[X, [[[X, Y], Y], Y]], [[X, [[[[X, Y], Y], Y], Y]], [X, Y]]]"
13,4,9,-683.0 / 3113510400,"[[X, [[[X, Y], Y], Y]], [X, [[[[[[X, Y], Y], Y], Y], Y], Y]]]"
13,5,8,-61.0 / 74131200,"[[[X, [[[X, Y], Y], Y]], [X, Y]], [X, [[[[X, Y], Y], Y], Y]]]"
13,6,7,191.0 / 32432400,"[[[[[X, [[[X, Y], Y], Y]], [X, Y]], [X, Y]], [X, Y]], [X, Y]]"
13,5,8,41.0 / 21621600,"[[X, [[[X, Y], Y], Y]], [[X, Y], [[X, Y], [[[X, Y], Y], Y]]]]"
13,5,8,373.0 / 259459200,"[[X, [[[X, Y], Y], Y]], [[[X, Y], [[X, Y], Y]], [[X, Y], Y]]]"
13,5,8,373.0 / 129729600,"[[[X, [[[X, Y], Y], Y]], [[X, Y], [[[X, Y], Y], Y]]], [X, Y]]"
13,4,9,-331.0 / 518918400,"[[X, [[[X, Y], Y], Y]], [[X, Y], [[[[[X, Y], Y], Y], Y], Y]]]"
13,5,8,2309.0 / 259459200,"[[[X, [[[X, Y], Y], Y]], [[X, Y], Y]], [[X, Y], [[X, Y], Y]]]"
13,5,8,359.0 / 23587200,"[[[[X, [[[X, Y], Y], Y]], [[X, Y], Y]], [[X, Y], Y]], [X, Y]]"
13,4,9,-1.0 / 13837824,"[[X, [[[X, Y], Y], Y]], [[[X, Y], Y], [[[[X, Y], Y], Y], Y]]]"
13,5,8,149.0 / 21621600,"[[[[X, [[[X, Y], Y], Y]], [[[X, Y], Y], Y]], [X, Y]], [X, Y]]"
13,4,9,127.0 / 155675520,"[[[X, [[[X, Y], Y], Y]], [[[X, Y], Y], Y]], [[[X, Y], Y], Y]]"
13,4,9,79.0 / 207567360,"[[X, [[[[X, Y], Y], Y], [[[[X, Y], Y], Y], Y]]], [[X, Y], Y]]"
13,4,9,-1333.0 / 518918400,"[[X, [[[[X, Y], Y], Y], [[[[[X, Y], Y], Y], Y], Y]]], [X, Y]]"
13,3,10,-11017.0 / 10897286400,"[X, [[[[X, Y], Y], Y], [[[[[[[X, Y], Y], Y], Y], Y], Y], Y]]]"
13,4,9,-23.0 / 691891200,"[[X, [[[[X, Y], Y], Y], Y]], [X, [[[[[X, Y], Y], Y], Y], Y]]]"
13,5,8,599.0 / 259459200,"[[X, [[[[X, Y], Y], Y], Y]], [[X, Y], [[X, Y], [[X, Y], Y]]]]"
13,5,8,71.0 / 8108100,"[[[X, [[[[X, Y], Y], Y], Y]], [[X, Y], [[X, Y], Y]]], [X, Y]]"
13,4,9,107.0 / 415134720,"[[X, [[[[X, Y], Y], Y], Y]], [[X, Y], [[[[X, Y], Y], Y], Y]]]"
13,5,8,23.0 / 1684800,"[[[[X, [[[[X, Y], Y], Y], Y]], [[X, Y], Y]], [X, Y]], [X, Y]]"
13,4,9,29.0 / 18869760,"[[X, [[[[X, Y], Y], Y], Y]], [[[X, Y], Y], [[[X, Y], Y], Y]]]"
13,4,9,461.0 / 103783680,"[[[X, [[[[X, Y], Y], Y], Y]], [[[X, Y], Y], Y]], [[X, Y], Y]]"
13,4,9,71.0 / 46126080,"[[[X, [[[[X, Y], Y], Y], Y]], [[[[X, Y], Y], Y], Y]], [X, Y]]"
13,3,10,-5101.0 / 6227020800,"[X, [[[[[X, Y], Y], Y], Y], [[[[[[X, Y], Y], Y], Y], Y], Y]]]"
13,5,8,587.0 / 144144000,"[[[[X, [[[[[X, Y], Y], Y], Y], Y]], [X, Y]], [X, Y]], [X, Y]]"
13,4,9,421.0 / 518918400,"[[X, [[[[[X, Y], Y], Y], Y], Y]], [[X, Y], [[[X, Y], Y], Y]]]"
13,4,9,713.0 / 345945600,"[[[X, [[[[[X, Y], Y], Y], Y], Y]], [[X, Y], Y]], [[X, Y], Y]]"
13,4,9,859.0 / 259459200,"[[[X, [[[[[X, Y], Y], Y], Y], Y]], [[[X, Y], Y], Y]], [X, Y]]"
13,3,10,551.0 / 5189184000,"[[X, [[[[[X, Y], Y], Y], Y], Y]], [[[[[X, Y], Y], Y], Y], Y]]"
13,4,9,1123.0 / 1037836800,"[[X, [[[[[[X, Y], Y], Y], Y], Y], Y]], [[X, Y], [[X, Y], Y]]]"
13,4,9,521.0 / 172972800,"[[[X, [[[[[[X, Y], Y], Y], Y], Y], Y]], [[X, Y], Y]], [X, Y]]"
13,3,10,683.0 / 3113510400,"[[X, [[[[[[X, Y], Y], Y], Y], Y], Y]], [[[[X, Y], Y], Y], Y]]"
13,4,9,3869.0 / 3632428800,"[[[X, [[[[[[[X, Y], Y], Y], Y], Y], Y], Y]], [X, Y]], [X, Y]]"
13,3,10,1343.0 / 5448643200,"[[X, [[[[[[[X, Y], Y], Y], Y], Y], Y], Y]], [[[X, Y], Y], Y]]"
13,3,10,2663.0 / 14529715200,"[[X, [[[[[[[[X, Y], Y], Y], Y], Y], Y], Y], Y]], [[X, Y], Y]]"
13,3,10,691.0 / 5943974400,"[[X, [[[[[[[[[X, Y], Y], Y], Y], Y], Y], Y], Y], Y]], [X, Y]]"
13,2,11,691.0 / 108972864000,"[X, [[[[[[[[[[[X, Y], Y], Y], Y], Y], Y], Y], Y], Y], Y], Y]]"
13,6,7,191.0 / 43243200,"[[X, Y], [[X, Y], [[X, Y], [[X, Y], [[X, Y], [[X, Y], Y]]]]]]"
13,5,8,-127.0 / 10810800,"[[X, Y], [[X, Y], [[X, Y], [[X, Y], [[[[X, Y], Y], Y], Y]]]]]"
13,5,8,-61.0 / 43243200,"[[X, Y], [[X, Y], [[X, Y], [[[X, Y], Y], [[[X, Y], Y], Y]]]]]"
13,5,8,179.0 / 6177600,"[[X, Y], [[X, Y], [[[X, Y], [[[X, Y], Y], Y]], [[X, Y], Y]]]]"
13,4,9,2663.0 / 518918400,"[[X, Y], [[X, Y], [[X, Y], [[[[[[X, Y], Y], Y], Y], Y], Y]]]]"
13,5,8,1.0 / 122850,"[[X, Y], [[[X, Y], [[X, Y], Y]], [[X, Y], [[[X, Y], Y], Y]]]]"
13,5,8,-359.0 / 43243200,"[[X, Y], [[[[X, Y], [[X, Y], Y]], [[X, Y], Y]], [[X, Y], Y]]]"
13,4,9,1471.0 / 172972800,"[[X, Y], [[X, Y], [[[X, Y], Y], [[[[[X, Y], Y], Y], Y], Y]]]]"
13,5,8,-211.0 / 43243200,"[[[X, Y], [[X, Y], [[[X, Y], Y], Y]]], [[X, Y], [[X, Y], Y]]]"
13,4,9,17.0 / 9434880,"[[X, Y], [[X, Y], [[[[X, Y], Y], Y], [[[[X, Y], Y], Y], Y]]]]"
13,4,9,-607.0 / 51891840,"[[X, Y], [[[X, Y], [[[[X, Y], Y], Y], Y]], [[[X, Y], Y], Y]]]"
13,4,9,-1063.0 / 86486400,"[[X, Y], [[[X, Y], [[[[[X, Y], Y], Y], Y], Y]], [[X, Y], Y]]]"
13,3,10,-1283.0 / 1816214400,"[[X, Y], [[X, Y], [[[[[[[[X, Y], Y], Y], Y], Y], Y], Y], Y]]]"
13,5,8,-1.0 / 245700,"[[[X, Y], [[X, Y], Y]], [[[X, Y], [[X, Y], Y]], [[X, Y], Y]]]"
13,4,9,-697.0 / 172972800,"[[[X, Y], [[X, Y], Y]], [[X, Y], [[[[[X, Y], Y], Y], Y], Y]]]"
13,4,9,1.0 / 99840,"[[X, Y], [[[X, Y], Y], [[[X, Y], Y], [[[[X, Y], Y], Y], Y]]]]"
13,4,9,-17.0 / 3459456,"[[X, Y], [[[[X, Y], Y], [[[X, Y], Y], Y]], [[[X, Y], Y], Y]]]"
13,4,9,-241.0 / 69189120,"[[[X, Y], [[[X, Y], Y], [[[[X, Y], Y], Y], Y]]], [[X, Y], Y]]"
13,3,10,-3323.0 / 1816214400,"[[X, Y], [[[X, Y], Y], [[[[[[[X, Y], Y], Y], Y], Y], Y], Y]]]"
13,4,9,-5.0 / 2965248,"[[[X, Y], [[[X, Y], Y], Y]], [[X, Y], [[[[X, Y], Y], Y], Y]]]"
13,4,9,43.0 / 17297280,"[[[X, Y], [[[X, Y], Y], Y]], [[[X, Y], Y], [[[X, Y], Y], Y]]]"
13,4,9,113.0 / 17297280,"[[[[X, Y], [[[X, Y], Y], Y]], [[[X, Y], Y], Y]], [[X, Y], Y]]"
13,3,10,-461.0 / 194594400,"[[X, Y], [[[[X, Y], Y], Y], [[[[[[X, Y], Y], Y], Y], Y], Y]]]"
13,4,9,463.0 / 69189120,"[[[[X, Y], [[[[X, Y], Y], Y], Y]], [[X, Y], Y]], [[X, Y], Y]]"
13,3,10,-431.0 / 518918400,"[[X, Y], [[[[[X, Y], Y], Y], Y], [[[[[X, Y], Y], Y], Y], Y]]]"
13,3,10,617.0 / 518918400,"[[[X, Y], [[[[[X, Y], Y], Y], Y], Y]], [[[[X, Y], Y], Y], Y]]"
13,3,10,1013.0 / 778377600,"[[[X, Y], [[[[[[X, Y], Y], Y], Y], Y], Y]], [[[X, Y], Y], Y]]"
13,3,10,2003.0 / 1816214400,"[[[X, Y], [[[[[[[X, Y], Y], Y], Y], Y], Y], Y]], [[X, Y], Y]]"
13,2,11,691.0 / 19813248000,"[[X, Y], [[[[[[[[[[X, Y], Y], Y], Y], Y], Y], Y], Y], Y], Y]]"
13,4,9,127.0 / 34594560,"[[[X, Y], Y], [[[X, Y], Y], [[[X, Y], Y], [[[X, Y], Y], Y]]]]"
13,3,10,-43.0 / 17297280,"[[[X, Y], Y], [[[X, Y], Y], [[[[[[X, Y], Y], Y], Y], Y], Y]]]"
13,3,10,-569.0 / 259459200,"[[[X, Y], Y], [[[[X, Y], Y], Y], [[[[[X, Y], Y], Y], Y], Y]]]"
13,3,10,37.0 / 34594560,"[[[[X, Y], Y], [[[[X, Y], Y], Y], Y]], [[[[X, Y], Y], Y], Y]]"
13,3,10,29.0 / 11793600,"[[[[X, Y], Y], [[[[[X, Y], Y], Y], Y], Y]], [[[X, Y], Y], Y]]"
13,2,11,4309.0 / 43589145600,"[[[X, Y], Y], [[[[[[[[[X, Y], Y], Y], Y], Y], Y], Y], Y], Y]]"
13,3,10,-191.0 / 155675520,"[[[[X, Y], Y], Y], [[[[X, Y], Y], Y], [[[[X, Y], Y], Y], Y]]]"
13,2,11,2663.0 / 14529715200,"[[[[X, Y], Y], Y], [[[[[[[[X, Y], Y], Y], Y], Y], Y], Y], Y]]"
13,2,11,1457.0 / 7264857600,"[[[[[X, Y], Y], Y], Y], [[[[[[[X, Y], Y], Y], Y], Y], Y], Y]]"
13,2,11,157.0 / 1729728000,"[[[[[[X, Y], Y], Y], Y], Y], [[[[[[X, Y], Y], Y], Y], Y], Y]]"
13,1,12,-691.0 / 1307674368000,"[[[[[[[[[[[[X, Y], Y], Y], Y], Y], Y], Y], Y], Y], Y], Y], Y]"
14,12,2,-691.0 / 2615348736000,"[X, [X, [X, [X, [X, [X, [X, [X, [X, [X, [X, [[X, Y], Y]]]]]]]]]]]]"
14,12,2,691.0 / 261534873600,"[X, [X, [X, [X, [X, [X, [X, [X, [X, [[X, [X, Y]], [X, Y]]]]]]]]]]]"
14,11,3,691.0 / 217945728000,"[X, [X, [X, [X, [X, [X, [X, [X, [X, [X, [[[X, Y], Y], Y]]]]]]]]]]]"
14,12,2,-691.0 / 72648576000,"[X, [X, [X, [X, [X, [X, [X, [[X, [X, [X, Y]]], [X, [X, Y]]]]]]]]]]"
14,11,3,-691.0 / 87178291200,"[X, [X, [X, [X, [X, [X, [X, [X, [X, [[X, Y], [[X, Y], Y]]]]]]]]]]]"
14,11,3,-691.0 / 13621608000,"[X, [X, [X, [X, [X, [X, [X, [X, [[X, [[X, Y], Y]], [X, Y]]]]]]]]]]"
14,10,4,-43331.0 / 2615348736000,"[X, [X, [X, [X, [X, [X, [X, [X, [X, [[[[X, Y], Y], Y], Y]]]]]]]]]]"
14,12,2,691.0 / 46702656000,"[X, [X, [X, [X, [X, [[X, [X, [X, [X, Y]]]], [X, [X, [X, Y]]]]]]]]]"
14,11,3,-2011.0 / 217945728000,"[X, [X, [X, [X, [X, [X, [X, [[X, [X, Y]], [X, [[X, Y], Y]]]]]]]]]]"
14,11,3,691.0 / 7783776000,"[X, [X, [X, [X, [X, [X, [X, [[[X, [X, Y]], [X, Y]], [X, Y]]]]]]]]]"
14,10,4,-2663.0 / 326918592000,"[X, [X, [X, [X, [X, [X, [X, [X, [[X, Y], [[[X, Y], Y], Y]]]]]]]]]]"
14,11,3,4397.0 / 36324288000,"[X, [X, [X, [X, [X, [X, [[X, [X, [[X, Y], Y]]], [X, [X, Y]]]]]]]]]"
14,10,4,3389.0 / 27243216000,"[X, [X, [X, [X, [X, [X, [X, [[X, [[X, Y], Y]], [[X, Y], Y]]]]]]]]]"
14,10,4,83999.0 / 326918592000,"[X, [X, [X, [X, [X, [X, [X, [[X, [[[X, Y], Y], Y]], [X, Y]]]]]]]]]"
14,9,5,4309.0 / 87178291200,"[X, [X, [X, [X, [X, [X, [X, [X, [[[[[X, Y], Y], Y], Y], Y]]]]]]]]]"
14,12,2,-691.0 / 74724249600,"[X, [X, [X, [[X, [X, [X, [X, [X, Y]]]]], [X, [X, [X, [X, Y]]]]]]]]"
14,11,3,3841.0 / 62270208000,"[X, [X, [X, [X, [X, [[X, [X, [X, Y]]], [X, [X, [[X, Y], Y]]]]]]]]]"
14,11,3,103.0 / 54486432000,"[X, [X, [X, [X, [X, [X, [[X, [X, Y]], [[X, [X, Y]], [X, Y]]]]]]]]]"
14,10,4,68503.0 / 435891456000,"[X, [X, [X, [X, [X, [X, [[X, [X, Y]], [X, [[[X, Y], Y], Y]]]]]]]]]"
14,11,3,-3677.0 / 8717829120,"[X, [X, [X, [X, [X, [[X, [[X, [X, Y]], [X, Y]]], [X, [X, Y]]]]]]]]"
14,10,4,-85457.0 / 435891456000,"[X, [X, [X, [X, [X, [X, [X, [[X, Y], [[X, Y], [[X, Y], Y]]]]]]]]]]"
14,10,4,-18479.0 / 48432384000,"[X, [X, [X, [X, [X, [X, [[X, [[X, Y], [[X, Y], Y]]], [X, Y]]]]]]]]"
14,9,5,20287.0 / 174356582400,"[X, [X, [X, [X, [X, [X, [X, [[X, Y], [[[[X, Y], Y], Y], Y]]]]]]]]]"
14,11,3,-47.0 / 389188800,"[X, [X, [X, [X, [[X, [X, [X, [[X, Y], Y]]]], [X, [X, [X, Y]]]]]]]]"
14,10,4,-36077.0 / 290594304000,"[X, [X, [X, [X, [X, [[X, [X, [[X, Y], Y]]], [X, [[X, Y], Y]]]]]]]]"
14,10,4,-16307.0 / 13208832000,"[X, [X, [X, [X, [X, [X, [[[X, [[X, Y], Y]], [X, Y]], [X, Y]]]]]]]]"
14,9,5,-191.0 / 1585059840,"[X, [X, [X, [X, [X, [X, [X, [[[X, Y], Y], [[[X, Y], Y], Y]]]]]]]]]"
14,10,4,-102887.0 / 217945728000,"[X, [X, [X, [X, [X, [[X, [X, [[[X, Y], Y], Y]]], [X, [X, Y]]]]]]]]"
14,9,5,-3389.0 / 4358914560,"[X, [X, [X, [X, [X, [X, [[X, [[[X, Y], Y], Y]], [[X, Y], Y]]]]]]]]"
14,9,5,-4079.0 / 5448643200,"[X, [X, [X, [X, [X, [X, [[X, [[[[X, Y], Y], Y], Y]], [X, Y]]]]]]]]"
14,8,6,-80891.0 / 871782912000,"[X, [X, [X, [X, [X, [X, [X, [[[[[[X, Y], Y], Y], Y], Y], Y]]]]]]]]"
14,12,2,691.0 / 435891456000,"[X, [[X, [X, [X, [X, [X, [X, Y]]]]]], [X, [X, [X, [X, [X, Y]]]]]]]"
14,11,3,-397.0 / 5811886080,"[X, [X, [X, [[X, [X, [X, [X, Y]]]], [X, [X, [X, [[X, Y], Y]]]]]]]]"
14,11,3,-1.0 / 6589440,"[X, [X, [X, [X, [[X, [X, [X, Y]]], [X, [[X, [X, Y]], [X, Y]]]]]]]]"
14,10,4,-19057.0 / 65383718400,"[X, [X, [X, [X, [[X, [X, [X, Y]]], [X, [X, [[[X, Y], Y], Y]]]]]]]]"
14,11,3,3517.0 / 14529715200,"[X, [X, [X, [X, [[[X, [X, [X, Y]]], [X, [X, Y]]], [X, [X, Y]]]]]]]"
14,10,4,-713.0 / 27243216000,"[X, [X, [X, [X, [X, [[X, [X, Y]], [X, [[X, Y], [[X, Y], Y]]]]]]]]]"
14,10,4,-129499.0 / 108972864000,"[X, [X, [X, [X, [X, [[X, [X, Y]], [[X, [[X, Y], Y]], [X, Y]]]]]]]]"
14,9,5,-631.0 / 1186099200,"[X, [X, [X, [X, [X, [[X, [X, Y]], [X, [[[[X, Y], Y], Y], Y]]]]]]]]"
14,11,3,241.0 / 889574400,"[X, [X, [X, [[X, [X, [[X, [X, Y]], [X, Y]]]], [X, [X, [X, Y]]]]]]]"
14,10,4,607.0 / 18162144000,"[X, [X, [X, [X, [X, [[[X, [X, Y]], [X, Y]], [X, [[X, Y], Y]]]]]]]]"
14,10,4,158563.0 / 217945728000,"[X, [X, [X, [X, [X, [[[[X, [X, Y]], [X, Y]], [X, Y]], [X, Y]]]]]]]"
14,9,5,21451.0 / 43589145600,"[X, [X, [X, [X, [X, [X, [[X, Y], [[X, Y], [[[X, Y], Y], Y]]]]]]]]]"
14,10,4,239.0 / 778377600,"[X, [X, [X, [X, [[X, [X, [[X, Y], [[X, Y], Y]]]], [X, [X, Y]]]]]]]"
14,9,5,-5567.0 / 29059430400,"[X, [X, [X, [X, [X, [X, [[[X, Y], [[X, Y], Y]], [[X, Y], Y]]]]]]]]"
14,9,5,-5567.0 / 14529715200,"[X, [X, [X, [X, [X, [[X, [[X, Y], [[[X, Y], Y], Y]]], [X, Y]]]]]]]"
14,8,6,-16829.0 / 48432384000,"[X, [X, [X, [X, [X, [X, [[X, Y], [[[[[X, Y], Y], Y], Y], Y]]]]]]]]"
14,11,3,823.0 / 21794572800,"[X, [X, [[X, [X, [X, [X, [[X, Y], Y]]]]], [X, [X, [X, [X, Y]]]]]]]"
14,10,4,41.0 / 6227020800,"[X, [X, [X, [[X, [X, [X, [[X, Y], Y]]]], [X, [X, [[X, Y], Y]]]]]]]"
14,10,4,4331.0 / 5448643200,"[X, [X, [X, [X, [[X, [X, [[X, Y], Y]]], [[X, [X, Y]], [X, Y]]]]]]]"
14,9,5,-4243.0 / 29059430400,"[X, [X, [X, [X, [X, [[X, [[X, Y], Y]], [X, [[[X, Y], Y], Y]]]]]]]]"
14,10,4,32441.0 / 10897286400,"[X, [X, [X, [X, [[X, [[X, [[X, Y], Y]], [X, Y]]], [X, [X, Y]]]]]]]"
14,9,5,1553.0 / 1076275200,"[X, [X, [X, [X, [X, [[X, [[X, Y], Y]], [[X, Y], [[X, Y], Y]]]]]]]]"
14,9,5,2927.0 / 880588800,"[X, [X, [X, [X, [X, [[[X, [[X, Y], Y]], [[X, Y], Y]], [X, Y]]]]]]]"
14,8,6,-2851.0 / 11623772160,"[X, [X, [X, [X, [X, [X, [[[X, Y], Y], [[[[X, Y], Y], Y], Y]]]]]]]]"
14,10,4,1381.0 / 4086482400,"[X, [X, [X, [[X, [X, [X, [[[X, Y], Y], Y]]]], [X, [X, [X, Y]]]]]]]"
14,9,5,3313.0 / 7264857600,"[X, [X, [X, [X, [[X, [X, [[[X, Y], Y], Y]]], [X, [[X, Y], Y]]]]]]]"
14,9,5,7297.0 / 2075673600,"[X, [X, [X, [X, [X, [[[X, [[[X, Y], Y], Y]], [X, Y]], [X, Y]]]]]]]"
14,8,6,11059.0 / 14529715200,"[X, [X, [X, [X, [X, [[X, [[[X, Y], Y], Y]], [[[X, Y], Y], Y]]]]]]]"
14,9,5,37.0 / 36324288,"[X, [X, [X, [X, [[X, [X, [[[[X, Y], Y], Y], Y]]], [X, [X, Y]]]]]]]"
14,8,6,44377.0 / 29059430400,"[X, [X, [X, [X, [X, [[X, [[[[X, Y], Y], Y], Y]], [[X, Y], Y]]]]]]]"
14,8,6,3559.0 / 2690688000,"[X, [X, [X, [X, [X, [[X, [[[[[X, Y], Y], Y], Y], Y]], [X, Y]]]]]]]"
14,7,7,1381.0 / 12108096000,"[X, [X, [X, [X, [X, [X, [[[[[[[X, Y], Y], Y], Y], Y], Y], Y]]]]]]]"
14,11,3,691.0 / 39626496000,"[X, [[X, [X, [X, [X, [X, Y]]]]], [X, [X, [X, [X, [[X, Y], Y]]]]]]]"
14,11,3,9973.0 / 108972864000,"[X, [X, [[X, [X, [X, [X, Y]]]], [X, [X, [[X, [X, Y]], [X, Y]]]]]]]"
14,10,4,5263.0 / 37362124800,"[X, [X, [[X, [X, [X, [X, Y]]]], [X, [X, [X, [[[X, Y], Y], Y]]]]]]]"
14,11,3,10771.0 / 72648576000,"[X, [X, [X, [[X, [X, [X, Y]]], [[X, [X, [X, Y]]], [X, [X, Y]]]]]]]"
14,10,4,2767.0 / 29059430400,"[X, [X, [X, [[X, [X, [X, Y]]], [X, [X, [[X, Y], [[X, Y], Y]]]]]]]]"
14,10,4,59.0 / 37739520,"[X, [X, [X, [[X, [X, [X, Y]]], [X, [[X, [[X, Y], Y]], [X, Y]]]]]]]"
14,9,5,10349.0 / 17435658240,"[X, [X, [X, [[X, [X, [X, Y]]], [X, [X, [[[[X, Y], Y], Y], Y]]]]]]]"
14,11,3,-8117.0 / 36324288000,"[X, [X, [[X, [[X, [X, [X, Y]]], [X, [X, Y]]]], [X, [X, [X, Y]]]]]]"
14,10,4,-19213.0 / 29059430400,"[X, [X, [X, [X, [[X, [X, Y]], [[X, [X, Y]], [X, [[X, Y], Y]]]]]]]]"
14,10,4,4247.0 / 3962649600,"[X, [X, [X, [X, [[X, [X, Y]], [[[X, [X, Y]], [X, Y]], [X, Y]]]]]]]"
14,9,5,-11807.0 / 21794572800,"[X, [X, [X, [X, [[X, [X, Y]], [X, [[X, Y], [[[X, Y], Y], Y]]]]]]]]"
14,10,4,2917.0 / 5811886080,"[X, [X, [X, [[X, [[X, [X, Y]], [X, [[X, Y], Y]]]], [X, [X, Y]]]]]]"
14,9,5,6863.0 / 3632428800,"[X, [X, [X, [X, [[X, [X, Y]], [[X, [[X, Y], Y]], [[X, Y], Y]]]]]]]"
14,9,5,94163.0 / 21794572800,"[X, [X, [X, [X, [[X, [X, Y]], [[X, [[[X, Y], Y], Y]], [X, Y]]]]]]]"
14,8,6,9007.0 / 9686476800,"[X, [X, [X, [X, [[X, [X, Y]], [X, [[[[[X, Y], Y], Y], Y], Y]]]]]]]"
14,11,3,-2953.0 / 72648576000,"[X, [[X, [X, [X, [[X, [X, Y]], [X, Y]]]]], [X, [X, [X, [X, Y]]]]]]"
14,10,4,487.0 / 3113510400,"[X, [X, [X, [[X, [[X, [X, Y]], [X, Y]]], [X, [X, [[X, Y], Y]]]]]]]"
14,10,4,-19307.0 / 21794572800,"[X, [X, [X, [[X, [[X, [X, Y]], [X, Y]]], [[X, [X, Y]], [X, Y]]]]]]"
14,9,5,199.0 / 165110400,"[X, [X, [X, [X, [[[X, [X, Y]], [X, Y]], [X, [[[X, Y], Y], Y]]]]]]]"
14,10,4,-10411.0 / 4843238400,"[X, [X, [X, [[X, [[[X, [X, Y]], [X, Y]], [X, Y]]], [X, [X, Y]]]]]]"
14,9,5,-3019.0 / 14529715200,"[X, [X, [X, [X, [X, [[X, Y], [[X, Y], [[X, Y], [[X, Y], Y]]]]]]]]]"
14,9,5,-3313.0 / 908107200,"[X, [X, [X, [X, [[X, [[X, Y], [[X, Y], [[X, Y], Y]]]], [X, Y]]]]]]"
14,8,6,-11551.0 / 9686476800,"[X, [X, [X, [X, [X, [[X, Y], [[X, Y], [[[[X, Y], Y], Y], Y]]]]]]]]"
14,10,4,-263.0 / 3487131648,"[X, [X, [[X, [X, [X, [[X, Y], [[X, Y], Y]]]]], [X, [X, [X, Y]]]]]]"
14,9,5,2129.0 / 14529715200,"[X, [X, [X, [X, [[X, [[X, Y], [[X, Y], Y]]], [X, [[X, Y], Y]]]]]]]"
14,9,5,-391.0 / 115315200,"[X, [X, [X, [X, [[[X, [[X, Y], [[X, Y], Y]]], [X, Y]], [X, Y]]]]]]"
14,8,6,-821.0 / 2905943040,"[X, [X, [X, [X, [X, [[X, Y], [[[X, Y], Y], [[[X, Y], Y], Y]]]]]]]]"
14,9,5,14797.0 / 21794572800,"[X, [X, [X, [[X, [X, [[X, Y], [[[X, Y], Y], Y]]]], [X, [X, Y]]]]]]"
14,8,6,19289.0 / 7264857600,"[X, [X, [X, [X, [X, [[[X, Y], [[[X, Y], Y], Y]], [[X, Y], Y]]]]]]]"
14,8,6,66953.0 / 29059430400,"[X, [X, [X, [X, [[X, [[X, Y], [[[[X, Y], Y], Y], Y]]], [X, Y]]]]]]"
14,7,7,17257.0 / 31135104000,"[X, [X, [X, [X, [X, [[X, Y], [[[[[[X, Y], Y], Y], Y], Y], Y]]]]]]]"
14,10,4,4309.0 / 174356582400,"[X, [[X, [X, [X, [X, [[X, Y], Y]]]]], [X, [X, [X, [[X, Y], Y]]]]]]"
14,10,4,-1061.0 / 12454041600,"[X, [X, [[X, [X, [X, [[X, Y], Y]]]], [X, [[X, [X, Y]], [X, Y]]]]]]"
14,9,5,283.0 / 3962649600,"[X, [X, [X, [[X, [X, [[X, Y], Y]]], [X, [X, [[[X, Y], Y], Y]]]]]]]"
14,10,4,-13121.0 / 9686476800,"[X, [X, [X, [[[X, [X, [[X, Y], Y]]], [X, [X, Y]]], [X, [X, Y]]]]]]"
14,9,5,-6037.0 / 14529715200,"[X, [X, [X, [[X, [X, [[X, Y], Y]]], [X, [[X, Y], [[X, Y], Y]]]]]]]"
14,9,5,433.0 / 7264857600,"[X, [X, [X, [X, [[X, [[X, Y], Y]], [[X, [[X, Y], Y]], [X, Y]]]]]]]"
14,8,6,7589.0 / 11623772160,"[X, [X, [X, [X, [[X, [[X, Y], Y]], [X, [[[[X, Y], Y], Y], Y]]]]]]]"
14,10,4,-49991.0 / 43589145600,"[X, [X, [[X, [X, [[X, [[X, Y], Y]], [X, Y]]]], [X, [X, [X, Y]]]]]]"
14,9,5,-15187.0 / 7264857600,"[X, [X, [X, [[X, [[X, [[X, Y], Y]], [X, Y]]], [X, [[X, Y], Y]]]]]]"
14,9,5,-12589.0 / 1816214400,"[X, [X, [X, [X, [[[[X, [[X, Y], Y]], [X, Y]], [X, Y]], [X, Y]]]]]]"
14,8,6,-61.0 / 538137600,"[X, [X, [X, [X, [[X, [[X, Y], Y]], [[X, Y], [[[X, Y], Y], Y]]]]]]]"
14,9,5,-38957.0 / 14529715200,"[X, [X, [X, [[X, [[X, [[X, Y], Y]], [[X, Y], Y]]], [X, [X, Y]]]]]]"
14,8,6,-57199.0 / 29059430400,"[X, [X, [X, [X, [[[X, [[X, Y], Y]], [[X, Y], Y]], [[X, Y], Y]]]]]]"
14,8,6,-21079.0 / 14529715200,"[X, [X, [X, [X, [[X, [[[X, Y], Y], [[[X, Y], Y], Y]]], [X, Y]]]]]]"
14,7,7,167.0 / 188697600,"[X, [X, [X, [X, [X, [[[X, Y], Y], [[[[[X, Y], Y], Y], Y], Y]]]]]]]"
14,10,4,-691.0 / 11887948800,"[X, [[X, [X, [X, [X, [[[X, Y], Y], Y]]]]], [X, [X, [X, [X, Y]]]]]]"
14,9,5,19.0 / 1210809600,"[X, [X, [[X, [X, [X, [[[X, Y], Y], Y]]]], [X, [X, [[X, Y], Y]]]]]]"
14,9,5,-30053.0 / 21794572800,"[X, [X, [X, [[X, [X, [[[X, Y], Y], Y]]], [[X, [X, Y]], [X, Y]]]]]]"
14,8,6,-9151.0 / 43589145600,"[X, [X, [X, [[X, [X, [[[X, Y], Y], Y]]], [X, [[[X, Y], Y], Y]]]]]]"
14,9,5,-32917.0 / 5448643200,"[X, [X, [X, [[X, [[X, [[[X, Y], Y], Y]], [X, Y]]], [X, [X, Y]]]]]]"
14,8,6,-47063.0 / 14529715200,"[X, [X, [X, [X, [[X, [[[X, Y], Y], Y]], [[X, Y], [[X, Y], Y]]]]]]]"
14,8,6,-103.0 / 8805888,"[X, [X, [X, [X, [[[X, [[[X, Y], Y], Y]], [[X, Y], Y]], [X, Y]]]]]]"
14,7,7,-41.0 / 6227020800,"[X, [X, [X, [X, [X, [[[[X, Y], Y], Y], [[[[X, Y], Y], Y], Y]]]]]]]"
14,9,5,-2.0 / 4729725,"[X, [X, [[X, [X, [X, [[[[X, Y], Y], Y], Y]]]], [X, [X, [X, Y]]]]]]"
14,8,6,-149.0 / 293529600,"[X, [X, [X, [[X, [X, [[[[X, Y], Y], Y], Y]]], [X, [[X, Y], Y]]]]]]"
14,8,6,-15341.0 / 2641766400,"[X, [X, [X, [X, [[[X, [[[[X, Y], Y], Y], Y]], [X, Y]], [X, Y]]]]]]"
14,7,7,-2957.0 / 1556755200,"[X, [X, [X, [X, [[X, [[[[X, Y], Y], Y], Y]], [[[X, Y], Y], Y]]]]]]"
14,8,6,-17807.0 / 14529715200,"[X, [X, [X, [[X, [X, [[[[[X, Y], Y], Y], Y], Y]]], [X, [X, Y]]]]]]"
14,7,7,-4847.0 / 2594592000,"[X, [X, [X, [X, [[X, [[[[[X, Y], Y], Y], Y], Y]], [[X, Y], Y]]]]]]"
14,7,7,-5611.0 / 3891888000,"[X, [X, [X, [X, [[X, [[[[[[X, Y], Y], Y], Y], Y], Y]], [X, Y]]]]]]"
14,6,8,-80891.0 / 871782912000,"[X, [X, [X, [X, [X, [[[[[[[[X, Y], Y], Y], Y], Y], Y], Y], Y]]]]]]"
14,11,3,-83.0 / 1729728000,"[X, [[X, [X, [X, [X, Y]]]], [X, [[X, [X, [X, Y]]], [X, [X, Y]]]]]]"
14,10,4,97.0 / 21794572800,"[X, [[X, [X, [X, [X, Y]]]], [X, [X, [X, [[X, Y], [[X, Y], Y]]]]]]]"
14,10,4,-7213.0 / 21794572800,"[X, [[X, [X, [X, [X, Y]]]], [X, [X, [[X, [[X, Y], Y]], [X, Y]]]]]]"
14,9,5,-691.0 / 5283532800,"[X, [[X, [X, [X, [X, Y]]]], [X, [X, [X, [[[[X, Y], Y], Y], Y]]]]]]"
14,11,3,61.0 / 3113510400,"[X, [[[X, [X, [X, [X, Y]]]], [X, [X, [X, Y]]]], [X, [X, [X, Y]]]]]"
14,10,4,8707.0 / 29059430400,"[X, [X, [[X, [X, [X, Y]]], [X, [[X, [X, Y]], [X, [[X, Y], Y]]]]]]]"
14,10,4,-12787.0 / 14529715200,"[X, [X, [[X, [X, [X, Y]]], [X, [[[X, [X, Y]], [X, Y]], [X, Y]]]]]]"
14,9,5,1861.0 / 4843238400,"[X, [X, [[X, [X, [X, Y]]], [X, [X, [[X, Y], [[[X, Y], Y], Y]]]]]]]"
14,10,4,-3187.0 / 2905943040,"[X, [X, [[X, [X, [X, Y]]], [[X, [X, [[X, Y], Y]]], [X, [X, Y]]]]]]"
14,9,5,-34751.0 / 29059430400,"[X, [X, [[X, [X, [X, Y]]], [X, [[X, [[X, Y], Y]], [[X, Y], Y]]]]]]"
14,9,5,-2881.0 / 1037836800,"[X, [X, [[X, [X, [X, Y]]], [X, [[X, [[[X, Y], Y], Y]], [X, Y]]]]]]"
14,8,6,-1567.0 / 2690688000,"[X, [X, [[X, [X, [X, Y]]], [X, [X, [[[[[X, Y], Y], Y], Y], Y]]]]]]"
14,10,4,-2861.0 / 9686476800,"[X, [X, [[[X, [X, [X, Y]]], [X, [X, Y]]], [X, [X, [[X, Y], Y]]]]]]"
14,10,4,2111.0 / 1816214400,"[X, [X, [X, [[X, [X, Y]], [[X, [X, Y]], [[X, [X, Y]], [X, Y]]]]]]]"
14,9,5,30143.0 / 14529715200,"[X, [X, [X, [[X, [X, Y]], [[X, [X, Y]], [X, [[[X, Y], Y], Y]]]]]]]"
14,10,4,-271.0 / 3632428800,"[X, [X, [[X, [[X, [X, Y]], [[X, [X, Y]], [X, Y]]]], [X, [X, Y]]]]]"
14,9,5,-26753.0 / 14529715200,"[X, [X, [X, [[X, [X, Y]], [X, [[X, Y], [[X, Y], [[X, Y], Y]]]]]]]]"
14,9,5,-1997.0 / 968647680,"[X, [X, [X, [[X, [X, Y]], [[X, [[X, Y], [[X, Y], Y]]], [X, Y]]]]]]"
14,8,6,6197.0 / 3632428800,"[X, [X, [X, [[X, [X, Y]], [X, [[X, Y], [[[[X, Y], Y], Y], Y]]]]]]]"
14,10,4,-263.0 / 1816214400,"[X, [[X, [X, [[X, [X, Y]], [X, [[X, Y], Y]]]]], [X, [X, [X, Y]]]]]"
14,9,5,-18547.0 / 29059430400,"[X, [X, [X, [[[X, [X, Y]], [X, [[X, Y], Y]]], [X, [[X, Y], Y]]]]]]"
14,9,5,-7159.0 / 691891200,"[X, [X, [X, [[X, [X, Y]], [[[X, [[X, Y], Y]], [X, Y]], [X, Y]]]]]]"
14,8,6,-61.0 / 121080960,"[X, [X, [X, [[X, [X, Y]], [X, [[[X, Y], Y], [[[X, Y], Y], Y]]]]]]]"
14,9,5,-24251.0 / 14529715200,"[X, [X, [[X, [[X, [X, Y]], [X, [[[X, Y], Y], Y]]]], [X, [X, Y]]]]]"
14,8,6,-12197.0 / 1816214400,"[X, [X, [X, [[X, [X, Y]], [[X, [[[X, Y], Y], Y]], [[X, Y], Y]]]]]]"
14,8,6,-25819.0 / 3632428800,"[X, [X, [X, [[X, [X, Y]], [[X, [[[[X, Y], Y], Y], Y]], [X, Y]]]]]]"
14,7,7,-7261.0 / 7783776000,"[X, [X, [X, [[X, [X, Y]], [X, [[[[[[X, Y], Y], Y], Y], Y], Y]]]]]]"
14,10,4,-1549.0 / 21794572800,"[X, [[X, [X, [[X, [X, Y]], [X, Y]]]], [X, [X, [X, [[X, Y], Y]]]]]]"
14,10,4,67.0 / 889574400,"[X, [[X, [X, [[X, [X, Y]], [X, Y]]]], [X, [[X, [X, Y]], [X, Y]]]]]"
14,9,5,-199.0 / 605404800,"[X, [X, [[X, [[X, [X, Y]], [X, Y]]], [X, [X, [[[X, Y], Y], Y]]]]]]"
14,10,4,37.0 / 21525504,"[X, [X, [[[X, [[X, [X, Y]], [X, Y]]], [X, [X, Y]]], [X, [X, Y]]]]]"
14,9,5,1369.0 / 2421619200,"[X, [X, [X, [[[X, [X, Y]], [X, Y]], [X, [[X, Y], [[X, Y], Y]]]]]]]"
14,9,5,-587.0 / 145297152,"[X, [X, [X, [[[X, [X, Y]], [X, Y]], [[X, [[X, Y], Y]], [X, Y]]]]]]"
14,8,6,-11581.0 / 4843238400,"[X, [X, [X, [[[X, [X, Y]], [X, Y]], [X, [[[[X, Y], Y], Y], Y]]]]]]"
14,10,4,443.0 / 1362160800,"[X, [[X, [X, [[[X, [X, Y]], [X, Y]], [X, Y]]]], [X, [X, [X, Y]]]]]"
14,9,5,3551.0 / 7264857600,"[X, [X, [X, [[[[X, [X, Y]], [X, Y]], [X, Y]], [X, [[X, Y], Y]]]]]]"
14,9,5,10411.0 / 7264857600,"[X, [X, [X, [[[[[X, [X, Y]], [X, Y]], [X, Y]], [X, Y]], [X, Y]]]]]"
14,8,6,-11861.0 / 7264857600,"[X, [X, [X, [X, [[X, Y], [[X, Y], [[X, Y], [[[X, Y], Y], Y]]]]]]]]"
14,9,5,25813.0 / 14529715200,"[X, [X, [[X, [X, [[X, Y], [[X, Y], [[X, Y], Y]]]]], [X, [X, Y]]]]]"
14,8,6,4651.0 / 1320883200,"[X, [X, [X, [X, [[X, Y], [[[X, Y], [[X, Y], Y]], [[X, Y], Y]]]]]]]"
14,8,6,131.0 / 24216192,"[X, [X, [X, [[X, [[X, Y], [[X, Y], [[[X, Y], Y], Y]]]], [X, Y]]]]]"
14,7,7,757.0 / 370656000,"[X, [X, [X, [X, [[X, Y], [[X, Y], [[[[[X, Y], Y], Y], Y], Y]]]]]]]"
14,9,5,53.0 / 7264857600,"[X, [X, [[X, [X, [[X, Y], [[X, Y], Y]]]], [X, [X, [[X, Y], Y]]]]]]"
14,9,5,263.0 / 518918400,"[X, [X, [[X, [X, [[X, Y], [[X, Y], Y]]]], [[X, [X, Y]], [X, Y]]]]]"
14,8,6,-1259.0 / 1452971520,"[X, [X, [X, [[X, [[X, Y], [[X, Y], Y]]], [X, [[[X, Y], Y], Y]]]]]]"
14,9,5,32567.0 / 14529715200,"[X, [X, [[X, [[X, [[X, Y], [[X, Y], Y]]], [X, Y]]], [X, [X, Y]]]]]"
14,8,6,1241.0 / 1320883200,"[X, [X, [X, [[X, [[X, Y], [[X, Y], Y]]], [[X, Y], [[X, Y], Y]]]]]]"
14,8,6,-6239.0 / 3632428800,"[X, [X, [X, [[X, [[[X, Y], [[X, Y], Y]], [[X, Y], Y]]], [X, Y]]]]]"
14,7,7,433.0 / 207567360,"[X, [X, [X, [X, [[X, Y], [[[X, Y], Y], [[[[X, Y], Y], Y], Y]]]]]]]"
14,9,5,-2777.0 / 14529715200,"[X, [[X, [X, [X, [[X, Y], [[[X, Y], Y], Y]]]]], [X, [X, [X, Y]]]]]"
14,8,6,-1091.0 / 1452971520,"[X, [X, [X, [[X, [[X, Y], [[[X, Y], Y], Y]]], [X, [[X, Y], Y]]]]]]"
14,8,6,-6239.0 / 3632428800,"[X, [X, [X, [[[X, [[X, Y], [[[X, Y], Y], Y]]], [X, Y]], [X, Y]]]]]"
14,7,7,-211.0 / 86486400,"[X, [X, [X, [X, [[[X, Y], [[[X, Y], Y], Y]], [[[X, Y], Y], Y]]]]]]"
14,8,6,-2503.0 / 1614412800,"[X, [X, [[X, [X, [[X, Y], [[[[X, Y], Y], Y], Y]]]], [X, [X, Y]]]]]"
14,7,7,-943.0 / 172972800,"[X, [X, [X, [X, [[[X, Y], [[[[X, Y], Y], Y], Y]], [[X, Y], Y]]]]]]"
14,7,7,-9073.0 / 2594592000,"[X, [X, [X, [[X, [[X, Y], [[[[[X, Y], Y], Y], Y], Y]]], [X, Y]]]]]"
14,6,8,-7261.0 / 13621608000,"[X, [X, [X, [X, [[X, Y], [[[[[[[X, Y], Y], Y], Y], Y], Y], Y]]]]]]"
14,9,5,2663.0 / 29059430400,"[X, [[X, [X, [X, [[X, Y], Y]]]], [X, [X, [X, [[[X, Y], Y], Y]]]]]]"
14,10,4,229.0 / 7264857600,"[X, [[X, [X, [X, [[X, Y], Y]]]], [[X, [X, [X, Y]]], [X, [X, Y]]]]]"
14,9,5,43.0 / 461260800,"[X, [[X, [X, [X, [[X, Y], Y]]]], [X, [X, [[X, Y], [[X, Y], Y]]]]]]"
14,9,5,-1627.0 / 14529715200,"[X, [X, [[X, [X, [[X, Y], Y]]], [X, [[X, [[X, Y], Y]], [X, Y]]]]]]"
14,8,6,-2941.0 / 29059430400,"[X, [X, [[X, [X, [[X, Y], Y]]], [X, [X, [[[[X, Y], Y], Y], Y]]]]]]"
14,10,4,2663.0 / 7264857600,"[X, [[X, [[X, [X, [[X, Y], Y]]], [X, [X, Y]]]], [X, [X, [X, Y]]]]]"
14,9,5,3023.0 / 29059430400,"[X, [X, [[X, [X, [[X, Y], Y]]], [[X, [X, Y]], [X, [[X, Y], Y]]]]]]"
14,9,5,181.0 / 179379200,"[X, [X, [[X, [X, [[X, Y], Y]]], [[[X, [X, Y]], [X, Y]], [X, Y]]]]]"
14,8,6,461.0 / 7264857600,"[X, [X, [[X, [X, [[X, Y], Y]]], [X, [[X, Y], [[[X, Y], Y], Y]]]]]]"
14,9,5,6437.0 / 9686476800,"[X, [X, [[[X, [X, [[X, Y], Y]]], [X, [[X, Y], Y]]], [X, [X, Y]]]]]"
14,8,6,-3977.0 / 3632428800,"[X, [X, [X, [[X, [[X, Y], Y]], [[X, [[X, Y], Y]], [[X, Y], Y]]]]]]"
14,8,6,-31.0 / 10319400,"[X, [X, [X, [[X, [[X, Y], Y]], [[X, [[[X, Y], Y], Y]], [X, Y]]]]]]"
14,7,7,-19.0 / 23063040,"[X, [X, [X, [[X, [[X, Y], Y]], [X, [[[[[X, Y], Y], Y], Y], Y]]]]]]"
14,9,5,-857.0 / 4843238400,"[X, [[X, [X, [[X, [[X, Y], Y]], [X, Y]]]], [X, [X, [[X, Y], Y]]]]]"
14,9,5,227.0 / 56756700,"[X, [X, [[X, [[X, [[X, Y], Y]], [X, Y]]], [[X, [X, Y]], [X, Y]]]]]"
14,8,6,-3439.0 / 3632428800,"[X, [X, [X, [[[X, [[X, Y], Y]], [X, Y]], [X, [[[X, Y], Y], Y]]]]]]"
14,9,5,137887.0 / 14529715200,"[X, [X, [[X, [[[X, [[X, Y], Y]], [X, Y]], [X, Y]]], [X, [X, Y]]]]]"
14,8,6,331.0 / 66044160,"[X, [X, [X, [[X, [[X, Y], Y]], [[X, Y], [[X, Y], [[X, Y], Y]]]]]]]"
14,8,6,46187.0 / 3632428800,"[X, [X, [X, [[[X, [[X, Y], Y]], [[X, Y], [[X, Y], Y]]], [X, Y]]]]]"
14,7,7,-457.0 / 259459200,"[X, [X, [X, [[X, [[X, Y], Y]], [[X, Y], [[[[X, Y], Y], Y], Y]]]]]]"
14,9,5,141.0 / 358758400,"[X, [[X, [X, [[X, [[X, Y], Y]], [[X, Y], Y]]]], [X, [X, [X, Y]]]]]"
14,8,6,4493.0 / 4843238400,"[X, [X, [[X, [[X, [[X, Y], Y]], [[X, Y], Y]]], [X, [[X, Y], Y]]]]]"
14,8,6,102691.0 / 7264857600,"[X, [X, [X, [[[[X, [[X, Y], Y]], [[X, Y], Y]], [X, Y]], [X, Y]]]]]"
14,7,7,19.0 / 6177600,"[X, [X, [X, [X, [[[X, Y], Y], [[[X, Y], Y], [[[X, Y], Y], Y]]]]]]]"
14,8,6,167.0 / 484323840,"[X, [X, [[X, [X, [[[X, Y], Y], [[[X, Y], Y], Y]]]], [X, [X, Y]]]]]"
14,7,7,79.0 / 32432400,"[X, [X, [X, [[X, [[[X, Y], Y], [[[X, Y], Y], Y]]], [[X, Y], Y]]]]]"
14,7,7,-271.0 / 94348800,"[X, [X, [X, [[X, [[[X, Y], Y], [[[[X, Y], Y], Y], Y]]], [X, Y]]]]]"
14,6,8,-18349.0 / 15567552000,"[X, [X, [X, [X, [[[X, Y], Y], [[[[[[X, Y], Y], Y], Y], Y], Y]]]]]]"
14,9,5,2161.0 / 14529715200,"[X, [[X, [X, [X, [[[X, Y], Y], Y]]]], [X, [[X, [X, Y]], [X, Y]]]]]"
14,8,6,1343.0 / 21794572800,"[X, [[X, [X, [X, [[[X, Y], Y], Y]]]], [X, [X, [[[X, Y], Y], Y]]]]]"
14,9,5,239.0 / 138378240,"[X, [X, [[[X, [X, [[[X, Y], Y], Y]]], [X, [X, Y]]], [X, [X, Y]]]]]"
14,8,6,697.0 / 1452971520,"[X, [X, [[X, [X, [[[X, Y], Y], Y]]], [X, [[X, Y], [[X, Y], Y]]]]]]"
14,8,6,5627.0 / 3632428800,"[X, [X, [[X, [X, [[[X, Y], Y], Y]]], [[X, [[X, Y], Y]], [X, Y]]]]]"
14,7,7,-47.0 / 141523200,"[X, [X, [X, [[X, [[[X, Y], Y], Y]], [X, [[[[X, Y], Y], Y], Y]]]]]]"
14,9,5,7099.0 / 7264857600,"[X, [[X, [X, [[X, [[[X, Y], Y], Y]], [X, Y]]]], [X, [X, [X, Y]]]]]"
14,8,6,6509.0 / 3632428800,"[X, [X, [[X, [[X, [[[X, Y], Y], Y]], [X, Y]]], [X, [[X, Y], Y]]]]]"
14,8,6,3631.0 / 363242880,"[X, [X, [X, [[[[X, [[[X, Y], Y], Y]], [X, Y]], [X, Y]], [X, Y]]]]]"
14,7,7,107.0 / 86486400,"[X, [X, [X, [[X, [[[X, Y], Y], Y]], [[X, Y], [[[X, Y], Y], Y]]]]]]"
14,8,6,6757.0 / 1210809600,"[X, [X, [[X, [[X, [[[X, Y], Y], Y]], [[X, Y], Y]]], [X, [X, Y]]]]]"
14,7,7,691.0 / 103783680,"[X, [X, [X, [[[X, [[[X, Y], Y], Y]], [[X, Y], Y]], [[X, Y], Y]]]]]"
14,7,7,1567.0 / 259459200,"[X, [X, [X, [[[X, [[[X, Y], Y], Y]], [[[X, Y], Y], Y]], [X, Y]]]]]"
14,6,8,-3767.0 / 3891888000,"[X, [X, [X, [X, [[[[X, Y], Y], Y], [[[[[X, Y], Y], Y], Y], Y]]]]]]"
14,8,6,-1457.0 / 14529715200,"[X, [[X, [X, [X, [[[[X, Y], Y], Y], Y]]]], [X, [X, [[X, Y], Y]]]]]"
14,8,6,5987.0 / 4843238400,"[X, [X, [[X, [X, [[[[X, Y], Y], Y], Y]]], [[X, [X, Y]], [X, Y]]]]]"
14,7,7,241.0 / 1037836800,"[X, [X, [[X, [X, [[[[X, Y], Y], Y], Y]]], [X, [[[X, Y], Y], Y]]]]]"
14,8,6,14429.0 / 2421619200,"[X, [X, [[X, [[X, [[[[X, Y], Y], Y], Y]], [X, Y]]], [X, [X, Y]]]]]"
14,7,7,503.0 / 129729600,"[X, [X, [X, [[X, [[[[X, Y], Y], Y], Y]], [[X, Y], [[X, Y], Y]]]]]]"
14,7,7,233.0 / 19219200,"[X, [X, [X, [[[X, [[[[X, Y], Y], Y], Y]], [[X, Y], Y]], [X, Y]]]]]"
14,6,8,4331.0 / 6227020800,"[X, [X, [X, [[X, [[[[X, Y], Y], Y], Y]], [[[[X, Y], Y], Y], Y]]]]]"
14,8,6,691.0 / 3302208000,"[X, [[X, [X, [X, [[[[[X, Y], Y], Y], Y], Y]]]], [X, [X, [X, Y]]]]]"
14,7,7,73.0 / 247104000,"[X, [X, [[X, [X, [[[[[X, Y], Y], Y], Y], Y]]], [X, [[X, Y], Y]]]]]"
14,7,7,14107.0 / 2594592000,"[X, [X, [X, [[[X, [[[[[X, Y], Y], Y], Y], Y]], [X, Y]], [X, Y]]]]]"
14,6,8,263.0 / 176904000,"[X, [X, [X, [[X, [[[[[X, Y], Y], Y], Y], Y]], [[[X, Y], Y], Y]]]]]"
14,7,7,1009.0 / 1297296000,"[X, [X, [[X, [X, [[[[[[X, Y], Y], Y], Y], Y], Y]]], [X, [X, Y]]]]]"
14,6,8,2669.0 / 1945944000,"[X, [X, [X, [[X, [[[[[[X, Y], Y], Y], Y], Y], Y]], [[X, Y], Y]]]]]"
14,6,8,51847.0 / 54486432000,"[X, [X, [X, [[X, [[[[[[[X, Y], Y], Y], Y], Y], Y], Y]], [X, Y]]]]]"
14,5,9,4309.0 / 87178291200,"[X, [X, [X, [X, [[[[[[[[[X, Y], Y], Y], Y], Y], Y], Y], Y], Y]]]]]"
14,10,4,-61.0 / 311351040,"[X, [[X, [X, [X, Y]]], [[X, [X, [X, Y]]], [X, [X, [[X, Y], Y]]]]]]"
14,10,4,-1513.0 / 10897286400,"[X, [[X, [X, [X, Y]]], [X, [[X, [X, Y]], [[X, [X, Y]], [X, Y]]]]]]"
14,9,5,-8341.0 / 14529715200,"[X, [[X, [X, [X, Y]]], [X, [[X, [X, Y]], [X, [[[X, Y], Y], Y]]]]]]"
14,10,4,8441.0 / 10897286400,"[X, [[X, [X, [X, Y]]], [[X, [[X, [X, Y]], [X, Y]]], [X, [X, Y]]]]]"
14,9,5,8543.0 / 14529715200,"[X, [[X, [X, [X, Y]]], [X, [X, [[X, Y], [[X, Y], [[X, Y], Y]]]]]]]"
14,9,5,7573.0 / 14529715200,"[X, [[X, [X, [X, Y]]], [X, [[X, [[X, Y], [[X, Y], Y]]], [X, Y]]]]]"
14,8,6,-83.0 / 145297152,"[X, [[X, [X, [X, Y]]], [X, [X, [[X, Y], [[[[X, Y], Y], Y], Y]]]]]]"
14,9,5,4181.0 / 29059430400,"[X, [[X, [X, [X, Y]]], [[X, [X, [[X, Y], Y]]], [X, [[X, Y], Y]]]]]"
14,9,5,40169.0 / 14529715200,"[X, [[X, [X, [X, Y]]], [X, [[[X, [[X, Y], Y]], [X, Y]], [X, Y]]]]]"
14,8,6,71.0 / 3632428800,"[X, [[X, [X, [X, Y]]], [X, [X, [[[X, Y], Y], [[[X, Y], Y], Y]]]]]]"
14,9,5,7109.0 / 7264857600,"[X, [[X, [X, [X, Y]]], [[X, [X, [[[X, Y], Y], Y]]], [X, [X, Y]]]]]"
14,8,6,5903.0 / 3632428800,"[X, [[X, [X, [X, Y]]], [X, [[X, [[[X, Y], Y], Y]], [[X, Y], Y]]]]]"
14,8,6,3301.0 / 1816214400,"[X, [[X, [X, [X, Y]]], [X, [[X, [[[[X, Y], Y], Y], Y]], [X, Y]]]]]"
14,7,7,691.0 / 2830464000,"[X, [[X, [X, [X, Y]]], [X, [X, [[[[[[X, Y], Y], Y], Y], Y], Y]]]]]"
14,10,4,17.0 / 220147200,"[X, [[[X, [X, [X, Y]]], [X, [X, Y]]], [X, [[X, [X, Y]], [X, Y]]]]]"
14,9,5,3403.0 / 14529715200,"[X, [[[X, [X, [X, Y]]], [X, [X, Y]]], [X, [X, [[[X, Y], Y], Y]]]]]"
14,10,4,-1643.0 / 14529715200,"[X, [[[[X, [X, [X, Y]]], [X, [X, Y]]], [X, [X, Y]]], [X, [X, Y]]]]"
14,9,5,-37.0 / 161441280,"[X, [X, [[X, [X, Y]], [[X, [X, Y]], [X, [[X, Y], [[X, Y], Y]]]]]]]"
14,9,5,-5.0 / 733824,"[X, [X, [[X, [X, Y]], [[X, [X, Y]], [[X, [[X, Y], Y]], [X, Y]]]]]]"
14,8,6,-20173.0 / 7264857600,"[X, [X, [[X, [X, Y]], [[X, [X, Y]], [X, [[[[X, Y], Y], Y], Y]]]]]]"
14,9,5,-229.0 / 302702400,"[X, [X, [[X, [X, Y]], [[[X, [X, Y]], [X, Y]], [X, [[X, Y], Y]]]]]]"
14,9,5,3299.0 / 1210809600,"[X, [X, [[X, [X, Y]], [[[[X, [X, Y]], [X, Y]], [X, Y]], [X, Y]]]]]"
14,8,6,10657.0 / 3632428800,"[X, [X, [[X, [X, Y]], [X, [[X, Y], [[X, Y], [[[X, Y], Y], Y]]]]]]]"
14,9,5,-37.0 / 302702400,"[X, [[X, [[X, [X, Y]], [X, [[X, Y], [[X, Y], Y]]]]], [X, [X, Y]]]]"
14,8,6,-83.0 / 53813760,"[X, [X, [[X, [X, Y]], [X, [[[X, Y], [[X, Y], Y]], [[X, Y], Y]]]]]]"
14,8,6,-83.0 / 26906880,"[X, [X, [[X, [X, Y]], [[X, [[X, Y], [[[X, Y], Y], Y]]], [X, Y]]]]]"
14,7,7,-1519.0 / 741312000,"[X, [X, [[X, [X, Y]], [X, [[X, Y], [[[[[X, Y], Y], Y], Y], Y]]]]]]"
14,9,5,-3917.0 / 29059430400,"[X, [[X, [[X, [X, Y]], [X, [[X, Y], Y]]]], [X, [X, [[X, Y], Y]]]]]"
14,9,5,15049.0 / 7264857600,"[X, [X, [[[X, [X, Y]], [X, [[X, Y], Y]]], [[X, [X, Y]], [X, Y]]]]]"
14,8,6,-61.0 / 73382400,"[X, [X, [[X, [X, Y]], [[X, [[X, Y], Y]], [X, [[[X, Y], Y], Y]]]]]]"
14,9,5,173.0 / 67267200,"[X, [[X, [[X, [X, Y]], [[X, [[X, Y], Y]], [X, Y]]]], [X, [X, Y]]]]"
14,8,6,3161.0 / 605404800,"[X, [X, [[X, [X, Y]], [[X, [[X, Y], Y]], [[X, Y], [[X, Y], Y]]]]]]"
14,8,6,31327.0 / 2421619200,"[X, [X, [[X, [X, Y]], [[[X, [[X, Y], Y]], [[X, Y], Y]], [X, Y]]]]]"
14,7,7,-107.0 / 57657600,"[X, [X, [[X, [X, Y]], [X, [[[X, Y], Y], [[[[X, Y], Y], Y], Y]]]]]]"
14,8,6,9419.0 / 7264857600,"[X, [X, [[[X, [X, Y]], [X, [[[X, Y], Y], Y]]], [X, [[X, Y], Y]]]]]"
14,8,6,17531.0 / 1210809600,"[X, [X, [[X, [X, Y]], [[[X, [[[X, Y], Y], Y]], [X, Y]], [X, Y]]]]]"
14,7,7,4649.0 / 1556755200,"[X, [X, [[X, [X, Y]], [[X, [[[X, Y], Y], Y]], [[[X, Y], Y], Y]]]]]"
14,8,6,179.0 / 151351200,"[X, [[X, [[X, [X, Y]], [X, [[[[X, Y], Y], Y], Y]]]], [X, [X, Y]]]]"
14,7,7,193.0 / 31449600,"[X, [X, [[X, [X, Y]], [[X, [[[[X, Y], Y], Y], Y]], [[X, Y], Y]]]]]"
14,7,7,29839.0 / 5189184000,"[X, [X, [[X, [X, Y]], [[X, [[[[[X, Y], Y], Y], Y], Y]], [X, Y]]]]]"
14,6,8,12563.0 / 24216192000,"[X, [X, [[X, [X, Y]], [X, [[[[[[[X, Y], Y], Y], Y], Y], Y], Y]]]]]"
14,9,5,-1039.0 / 14529715200,"[X, [[X, [[X, [X, Y]], [X, Y]]], [X, [X, [[X, Y], [[X, Y], Y]]]]]]"
14,9,5,881.0 / 1452971520,"[X, [[X, [[X, [X, Y]], [X, Y]]], [X, [[X, [[X, Y], Y]], [X, Y]]]]]"
14,8,6,997.0 / 3632428800,"[X, [[X, [[X, [X, Y]], [X, Y]]], [X, [X, [[[[X, Y], Y], Y], Y]]]]]"
14,9,5,289.0 / 1320883200,"[X, [[X, [[X, [X, Y]], [X, Y]]], [[X, [X, Y]], [X, [[X, Y], Y]]]]]"
14,9,5,125.0 / 96864768,"[X, [X, [[[X, [X, Y]], [X, Y]], [[[X, [X, Y]], [X, Y]], [X, Y]]]]]"
14,8,6,-2797.0 / 1816214400,"[X, [X, [[[X, [X, Y]], [X, Y]], [X, [[X, Y], [[[X, Y], Y], Y]]]]]]"
14,9,5,179.0 / 807206400,"[X, [[X, [[[X, [X, Y]], [X, Y]], [X, [[X, Y], Y]]]], [X, [X, Y]]]]"
14,8,6,1979.0 / 605404800,"[X, [X, [[[X, [X, Y]], [X, Y]], [[X, [[X, Y], Y]], [[X, Y], Y]]]]]"
14,8,6,14671.0 / 1816214400,"[X, [X, [[[X, [X, Y]], [X, Y]], [[X, [[[X, Y], Y], Y]], [X, Y]]]]]"
14,7,7,809.0 / 432432000,"[X, [X, [[[X, [X, Y]], [X, Y]], [X, [[[[[X, Y], Y], Y], Y], Y]]]]]"
14,9,5,463.0 / 4843238400,"[X, [[X, [[[X, [X, Y]], [X, Y]], [X, Y]]], [X, [X, [[X, Y], Y]]]]]"
14,9,5,-109.0 / 115315200,"[X, [[X, [[[X, [X, Y]], [X, Y]], [X, Y]]], [[X, [X, Y]], [X, Y]]]]"
14,8,6,311.0 / 227026800,"[X, [X, [[[[X, [X, Y]], [X, Y]], [X, Y]], [X, [[[X, Y], Y], Y]]]]]"
14,9,5,-17.0 / 13837824,"[X, [[X, [[[[X, [X, Y]], [X, Y]], [X, Y]], [X, Y]]], [X, [X, Y]]]]"
14,8,6,-73.0 / 37837800,"[X, [X, [X, [[X, Y], [[X, Y], [[X, Y], [[X, Y], [[X, Y], Y]]]]]]]]"
14,8,6,-31.0 / 201801600,"[X, [X, [[X, [[X, Y], [[X, Y], [[X, Y], [[X, Y], Y]]]]], [X, Y]]]]"
14,7,7,61.0 / 13837824,"[X, [X, [X, [[X, Y], [[X, Y], [[X, Y], [[[[X, Y], Y], Y], Y]]]]]]]"
14,8,6,-809.0 / 1210809600,"[X, [X, [[X, [[X, Y], [[X, Y], [[X, Y], Y]]]], [X, [[X, Y], Y]]]]]"
14,8,6,-1879.0 / 242161920,"[X, [X, [[[X, [[X, Y], [[X, Y], [[X, Y], Y]]]], [X, Y]], [X, Y]]]]"
14,7,7,1.0 / 259459200,"[X, [X, [X, [[X, Y], [[X, Y], [[[X, Y], Y], [[[X, Y], Y], Y]]]]]]]"
14,8,6,-1277.0 / 908107200,"[X, [[X, [X, [[X, Y], [[X, Y], [[[X, Y], Y], Y]]]]], [X, [X, Y]]]]"
14,7,7,-29.0 / 2246400,"[X, [X, [X, [[X, Y], [[[X, Y], [[[X, Y], Y], Y]], [[X, Y], Y]]]]]]"
14,7,7,-3191.0 / 518918400,"[X, [X, [[X, [[X, Y], [[X, Y], [[[[X, Y], Y], Y], Y]]]], [X, Y]]]]"
14,6,8,-66331.0 / 31135104000,"[X, [X, [X, [[X, Y], [[X, Y], [[[[[[X, Y], Y], Y], Y], Y], Y]]]]]]"
14,8,6,191.0 / 1210809600,"[X, [[X, [X, [[X, Y], [[X, Y], Y]]]], [X, [X, [[[X, Y], Y], Y]]]]]"
14,9,5,-67.0 / 322882560,"[X, [[[X, [X, [[X, Y], [[X, Y], Y]]]], [X, [X, Y]]], [X, [X, Y]]]]"
14,8,6,31.0 / 1210809600,"[X, [[X, [X, [[X, Y], [[X, Y], Y]]]], [X, [[X, Y], [[X, Y], Y]]]]]"
14,8,6,821.0 / 403603200,"[X, [X, [[X, [[X, Y], [[X, Y], Y]]], [[X, [[X, Y], Y]], [X, Y]]]]]"
14,7,7,281.0 / 296524800,"[X, [X, [[X, [[X, Y], [[X, Y], Y]]], [X, [[[[X, Y], Y], Y], Y]]]]]"
14,8,6,-223.0 / 605404800,"[X, [X, [[[X, [[X, Y], [[X, Y], Y]]], [X, Y]], [X, [[X, Y], Y]]]]]"
14,8,6,-6049.0 / 1210809600,"[X, [X, [[[[X, [[X, Y], [[X, Y], Y]]], [X, Y]], [X, Y]], [X, Y]]]]"
14,7,7,-1121.0 / 259459200,"[X, [X, [X, [[[X, Y], [[X, Y], Y]], [[X, Y], [[[X, Y], Y], Y]]]]]]"
14,8,6,157.0 / 242161920,"[X, [[X, [X, [[[X, Y], [[X, Y], Y]], [[X, Y], Y]]]], [X, [X, Y]]]]"
14,7,7,281.0 / 86486400,"[X, [X, [X, [[[[X, Y], [[X, Y], Y]], [[X, Y], Y]], [[X, Y], Y]]]]]"
14,7,7,-1081.0 / 518918400,"[X, [X, [[X, [[X, Y], [[[X, Y], Y], [[[X, Y], Y], Y]]]], [X, Y]]]]"
14,6,8,-37201.0 / 10378368000,"[X, [X, [X, [[X, Y], [[[X, Y], Y], [[[[[X, Y], Y], Y], Y], Y]]]]]]"
14,8,6,-229.0 / 1210809600,"[X, [[X, [X, [[X, Y], [[[X, Y], Y], Y]]]], [X, [X, [[X, Y], Y]]]]]"
14,8,6,601.0 / 1816214400,"[X, [[X, [X, [[X, Y], [[[X, Y], Y], Y]]]], [[X, [X, Y]], [X, Y]]]]"
14,7,7,349.0 / 518918400,"[X, [X, [[X, [[X, Y], [[[X, Y], Y], Y]]], [X, [[[X, Y], Y], Y]]]]]"
14,8,6,157.0 / 121080960,"[X, [[X, [[X, [[X, Y], [[[X, Y], Y], Y]]], [X, Y]]], [X, [X, Y]]]]"
14,7,7,17.0 / 21621600,"[X, [X, [[X, [[X, Y], [[[X, Y], Y], Y]]], [[X, Y], [[X, Y], Y]]]]]"
14,7,7,5659.0 / 518918400,"[X, [X, [[X, [[[X, Y], [[[X, Y], Y], Y]], [[X, Y], Y]]], [X, Y]]]]"
14,6,8,-4531.0 / 6227020800,"[X, [X, [X, [[X, Y], [[[[X, Y], Y], Y], [[[[X, Y], Y], Y], Y]]]]]]"
14,7,7,1607.0 / 2075673600,"[X, [X, [[X, [[X, Y], [[[[X, Y], Y], Y], Y]]], [X, [[X, Y], Y]]]]]"
14,7,7,229.0 / 49420800,"[X, [X, [[[X, [[X, Y], [[[[X, Y], Y], Y], Y]]], [X, Y]], [X, Y]]]]"
14,6,8,1141.0 / 222393600,"[X, [X, [X, [[[X, Y], [[[[X, Y], Y], Y], Y]], [[[X, Y], Y], Y]]]]]"
14,7,7,191.0 / 207567360,"[X, [[X, [X, [[X, Y], [[[[[X, Y], Y], Y], Y], Y]]]], [X, [X, Y]]]]"
14,6,8,7121.0 / 1297296000,"[X, [X, [X, [[[X, Y], [[[[[X, Y], Y], Y], Y], Y]], [[X, Y], Y]]]]]"
14,6,8,8543.0 / 3459456000,"[X, [X, [[X, [[X, Y], [[[[[[X, Y], Y], Y], Y], Y], Y]]], [X, Y]]]]"
14,5,9,18253.0 / 58118860800,"[X, [X, [X, [[X, Y], [[[[[[[[X, Y], Y], Y], Y], Y], Y], Y], Y]]]]]"
14,9,5,-43.0 / 14529715200,"[X, [[X, [X, [[X, Y], Y]]], [[X, [X, [[X, Y], Y]]], [X, [X, Y]]]]]"
14,8,6,61.0 / 3632428800,"[X, [[X, [X, [[X, Y], Y]]], [X, [[X, [[X, Y], Y]], [[X, Y], Y]]]]]"
14,8,6,-113.0 / 726485760,"[X, [[X, [X, [[X, Y], Y]]], [X, [[X, [[[X, Y], Y], Y]], [X, Y]]]]]"
14,7,7,-157.0 / 3459456000,"[X, [[X, [X, [[X, Y], Y]]], [X, [X, [[[[[X, Y], Y], Y], Y], Y]]]]]"
14,9,5,-23.0 / 67267200,"[X, [[X, [X, [[X, Y], Y]]], [[X, [X, Y]], [[X, [X, Y]], [X, Y]]]]]"
14,8,6,-193.0 / 3632428800,"[X, [[X, [X, [[X, Y], Y]]], [[X, [X, Y]], [X, [[[X, Y], Y], Y]]]]]"
14,9,5,-8093.0 / 7264857600,"[X, [[[X, [X, [[X, Y], Y]]], [[X, [X, Y]], [X, Y]]], [X, [X, Y]]]]"
14,8,6,-23.0 / 1816214400,"[X, [[X, [X, [[X, Y], Y]]], [X, [[X, Y], [[X, Y], [[X, Y], Y]]]]]]"
14,8,6,-1231.0 / 1816214400,"[X, [[X, [X, [[X, Y], Y]]], [[X, [[X, Y], [[X, Y], Y]]], [X, Y]]]]"
14,7,7,-113.0 / 691891200,"[X, [[X, [X, [[X, Y], Y]]], [X, [[X, Y], [[[[X, Y], Y], Y], Y]]]]]"
14,8,6,-47.0 / 605404800,"[X, [[[X, [X, [[X, Y], Y]]], [X, [[X, Y], Y]]], [X, [[X, Y], Y]]]]"
14,8,6,24919.0 / 7264857600,"[X, [X, [[X, [[X, Y], Y]], [[[X, [[X, Y], Y]], [X, Y]], [X, Y]]]]]"
14,7,7,1.0 / 7687680,"[X, [X, [[X, [[X, Y], Y]], [X, [[[X, Y], Y], [[[X, Y], Y], Y]]]]]]"
14,8,6,1039.0 / 3632428800,"[X, [[X, [[X, [[X, Y], Y]], [X, [[[X, Y], Y], Y]]]], [X, [X, Y]]]]"
14,7,7,3331.0 / 1037836800,"[X, [X, [[X, [[X, Y], Y]], [[X, [[[X, Y], Y], Y]], [[X, Y], Y]]]]]"
14,7,7,1843.0 / 518918400,"[X, [X, [[X, [[X, Y], Y]], [[X, [[[[X, Y], Y], Y], Y]], [X, Y]]]]]"
14,6,8,10229.0 / 20756736000,"[X, [X, [[X, [[X, Y], Y]], [X, [[[[[[X, Y], Y], Y], Y], Y], Y]]]]]"
14,8,6,-197.0 / 1816214400,"[X, [[X, [[X, [[X, Y], Y]], [X, Y]]], [X, [X, [[[X, Y], Y], Y]]]]]"
14,9,5,-5413.0 / 2421619200,"[X, [[[X, [[X, [[X, Y], Y]], [X, Y]]], [X, [X, Y]]], [X, [X, Y]]]]"
14,8,6,-449.0 / 605404800,"[X, [[X, [[X, [[X, Y], Y]], [X, Y]]], [X, [[X, Y], [[X, Y], Y]]]]]"
14,8,6,-701.0 / 605404800,"[X, [[X, [[X, [[X, Y], Y]], [X, Y]]], [[X, [[X, Y], Y]], [X, Y]]]]"
14,7,7,311.0 / 129729600,"[X, [X, [[[X, [[X, Y], Y]], [X, Y]], [X, [[[[X, Y], Y], Y], Y]]]]]"
14,8,6,-79.0 / 66044160,"[X, [[X, [[[X, [[X, Y], Y]], [X, Y]], [X, Y]]], [X, [[X, Y], Y]]]]"
14,8,6,-8537.0 / 1210809600,"[X, [X, [[[[[X, [[X, Y], Y]], [X, Y]], [X, Y]], [X, Y]], [X, Y]]]]"
14,7,7,-113.0 / 34594560,"[X, [X, [[X, [[X, Y], Y]], [[X, Y], [[X, Y], [[[X, Y], Y], Y]]]]]]"
14,8,6,-659.0 / 302702400,"[X, [[X, [[X, [[X, Y], Y]], [[X, Y], [[X, Y], Y]]]], [X, [X, Y]]]]"
14,7,7,-1.0 / 2246400,"[X, [X, [[X, [[X, Y], Y]], [[[X, Y], [[X, Y], Y]], [[X, Y], Y]]]]]"
14,7,7,-1.0 / 1123200,"[X, [X, [[[X, [[X, Y], Y]], [[X, Y], [[[X, Y], Y], Y]]], [X, Y]]]]"
14,6,8,5969.0 / 3459456000,"[X, [X, [[X, [[X, Y], Y]], [[X, Y], [[[[[X, Y], Y], Y], Y], Y]]]]]"
14,8,6,-881.0 / 908107200,"[X, [[X, [[X, [[X, Y], Y]], [[X, Y], Y]]], [[X, [X, Y]], [X, Y]]]]"
14,7,7,-1.0 / 9266400,"[X, [X, [[[X, [[X, Y], Y]], [[X, Y], Y]], [X, [[[X, Y], Y], Y]]]]]"
14,8,6,-6311.0 / 1210809600,"[X, [[X, [[[X, [[X, Y], Y]], [[X, Y], Y]], [X, Y]]], [X, [X, Y]]]]"
14,7,7,-181.0 / 31449600,"[X, [X, [[[X, [[X, Y], Y]], [[X, Y], Y]], [[X, Y], [[X, Y], Y]]]]]"
14,7,7,-43.0 / 5765760,"[X, [X, [[[[X, [[X, Y], Y]], [[X, Y], Y]], [[X, Y], Y]], [X, Y]]]]"
14,6,8,-19451.0 / 4151347200,"[X, [X, [X, [[[X, Y], Y], [[[X, Y], Y], [[[[X, Y], Y], Y], Y]]]]]]"
14,7,7,-1.0 / 3494400,"[X, [[X, [X, [[[X, Y], Y], [[[X, Y], Y], Y]]]], [X, [[X, Y], Y]]]]"
14,7,7,-1.0 / 384384,"[X, [X, [[[X, [[[X, Y], Y], [[[X, Y], Y], Y]]], [X, Y]], [X, Y]]]]"
14,6,8,857.0 / 444787200,"[X, [X, [X, [[[[X, Y], Y], [[[X, Y], Y], Y]], [[[X, Y], Y], Y]]]]]"
14,7,7,1817.0 / 2075673600,"[X, [[X, [X, [[[X, Y], Y], [[[[X, Y], Y], Y], Y]]]], [X, [X, Y]]]]"
14,6,8,1409.0 / 1383782400,"[X, [X, [[X, [[[X, Y], Y], [[[[X, Y], Y], Y], Y]]], [[X, Y], Y]]]]"
14,6,8,13709.0 / 3459456000,"[X, [X, [[X, [[[X, Y], Y], [[[[[X, Y], Y], Y], Y], Y]]], [X, Y]]]]"
14,5,9,12109.0 / 14529715200,"[X, [X, [X, [[[X, Y], Y], [[[[[[[X, Y], Y], Y], Y], Y], Y], Y]]]]]"
14,7,7,683.0 / 6227020800,"[X, [[X, [X, [[[X, Y], Y], Y]]], [X, [X, [[[[X, Y], Y], Y], Y]]]]]"
14,8,6,17.0 / 454053600,"[X, [[X, [X, [[[X, Y], Y], Y]]], [[X, [X, Y]], [X, [[X, Y], Y]]]]]"
14,8,6,-881.0 / 1816214400,"[X, [[X, [X, [[[X, Y], Y], Y]]], [[[X, [X, Y]], [X, Y]], [X, Y]]]]"
14,7,7,31.0 / 311351040,"[X, [[X, [X, [[[X, Y], Y], Y]]], [X, [[X, Y], [[[X, Y], Y], Y]]]]]"
14,8,6,-157.0 / 302702400,"[X, [[[X, [X, [[[X, Y], Y], Y]]], [X, [[X, Y], Y]]], [X, [X, Y]]]]"
14,7,7,-283.0 / 1037836800,"[X, [[X, [X, [[[X, Y], Y], Y]]], [[X, [[X, Y], Y]], [[X, Y], Y]]]]"
14,7,7,379.0 / 1556755200,"[X, [X, [[X, [[[X, Y], Y], Y]], [[X, [[[X, Y], Y], Y]], [X, Y]]]]]"
14,6,8,3209.0 / 10378368000,"[X, [X, [[X, [[[X, Y], Y], Y]], [X, [[[[[X, Y], Y], Y], Y], Y]]]]]"
14,8,6,-5.0 / 2201472,"[X, [[X, [[X, [[[X, Y], Y], Y]], [X, Y]]], [[X, [X, Y]], [X, Y]]]]"
14,7,7,-251.0 / 389188800,"[X, [[X, [[X, [[[X, Y], Y], Y]], [X, Y]]], [X, [[[X, Y], Y], Y]]]]"
14,8,6,-887.0 / 151351200,"[X, [[X, [[[X, [[[X, Y], Y], Y]], [X, Y]], [X, Y]]], [X, [X, Y]]]]"
14,7,7,-283.0 / 74131200,"[X, [X, [[X, [[[X, Y], Y], Y]], [[X, Y], [[X, Y], [[X, Y], Y]]]]]]"
14,7,7,-709.0 / 57657600,"[X, [X, [[[X, [[[X, Y], Y], Y]], [[X, Y], [[X, Y], Y]]], [X, Y]]]]"
14,6,8,107.0 / 296524800,"[X, [X, [[X, [[[X, Y], Y], Y]], [[X, Y], [[[[X, Y], Y], Y], Y]]]]]"
14,7,7,-61.0 / 86486400,"[X, [[X, [[X, [[[X, Y], Y], Y]], [[X, Y], Y]]], [X, [[X, Y], Y]]]]"
14,7,7,-3793.0 / 172972800,"[X, [X, [[[[X, [[[X, Y], Y], Y]], [[X, Y], Y]], [X, Y]], [X, Y]]]]"
14,6,8,-2291.0 / 1037836800,"[X, [X, [[X, [[[X, Y], Y], Y]], [[[X, Y], Y], [[[X, Y], Y], Y]]]]]"
14,7,7,-1801.0 / 1556755200,"[X, [[X, [[X, [[[X, Y], Y], Y]], [[[X, Y], Y], Y]]], [X, [X, Y]]]]"
14,6,8,-4391.0 / 1037836800,"[X, [X, [[[X, [[[X, Y], Y], Y]], [[[X, Y], Y], Y]], [[X, Y], Y]]]]"
14,6,8,79.0 / 188697600,"[X, [X, [[X, [[[[X, Y], Y], Y], [[[[X, Y], Y], Y], Y]]], [X, Y]]]]"
14,5,9,6739.0 / 6227020800,"[X, [X, [X, [[[[X, Y], Y], Y], [[[[[[X, Y], Y], Y], Y], Y], Y]]]]]"
14,8,6,-23.0 / 30270240,"[X, [[[X, [X, [[[[X, Y], Y], Y], Y]]], [X, [X, Y]]], [X, [X, Y]]]]"
14,7,7,-551.0 / 2075673600,"[X, [[X, [X, [[[[X, Y], Y], Y], Y]]], [X, [[X, Y], [[X, Y], Y]]]]]"
14,7,7,-419.0 / 1037836800,"[X, [[X, [X, [[[[X, Y], Y], Y], Y]]], [[X, [[X, Y], Y]], [X, Y]]]]"
14,6,8,23.0 / 2767564800,"[X, [[X, [X, [[[[X, Y], Y], Y], Y]]], [X, [[[[X, Y], Y], Y], Y]]]]"
14,7,7,-1.0 / 1976832,"[X, [[X, [[X, [[[[X, Y], Y], Y], Y]], [X, Y]]], [X, [[X, Y], Y]]]]"
14,7,7,-3763.0 / 518918400,"[X, [X, [[[[X, [[[[X, Y], Y], Y], Y]], [X, Y]], [X, Y]], [X, Y]]]]"
14,6,8,-131.0 / 98841600,"[X, [X, [[X, [[[[X, Y], Y], Y], Y]], [[X, Y], [[[X, Y], Y], Y]]]]]"
14,7,7,-2461.0 / 1037836800,"[X, [[X, [[X, [[[[X, Y], Y], Y], Y]], [[X, Y], Y]]], [X, [X, Y]]]]"
14,6,8,-1877.0 / 461260800,"[X, [X, [[[X, [[[[X, Y], Y], Y], Y]], [[X, Y], Y]], [[X, Y], Y]]]]"
14,6,8,-2357.0 / 345945600,"[X, [X, [[[X, [[[[X, Y], Y], Y], Y]], [[[X, Y], Y], Y]], [X, Y]]]]"
14,5,9,139.0 / 377395200,"[X, [X, [X, [[[[[X, Y], Y], Y], Y], [[[[[X, Y], Y], Y], Y], Y]]]]]"
14,7,7,-157.0 / 345945600,"[X, [[X, [X, [[[[[X, Y], Y], Y], Y], Y]]], [[X, [X, Y]], [X, Y]]]]"
14,6,8,-551.0 / 5189184000,"[X, [[X, [X, [[[[[X, Y], Y], Y], Y], Y]]], [X, [[[X, Y], Y], Y]]]]"
14,7,7,-37.0 / 16216200,"[X, [[X, [[X, [[[[[X, Y], Y], Y], Y], Y]], [X, Y]]], [X, [X, Y]]]]"
14,6,8,-2657.0 / 1153152000,"[X, [X, [[X, [[[[[X, Y], Y], Y], Y], Y]], [[X, Y], [[X, Y], Y]]]]]"
14,6,8,-3877.0 / 576576000,"[X, [X, [[[X, [[[[[X, Y], Y], Y], Y], Y]], [[X, Y], Y]], [X, Y]]]]"
14,5,9,-617.0 / 1037836800,"[X, [X, [[X, [[[[[X, Y], Y], Y], Y], Y]], [[[[X, Y], Y], Y], Y]]]]"
14,6,8,-157.0 / 3459456000,"[X, [[X, [X, [[[[[[X, Y], Y], Y], Y], Y], Y]]], [X, [[X, Y], Y]]]]"
14,6,8,-27631.0 / 10378368000,"[X, [X, [[[X, [[[[[[X, Y], Y], Y], Y], Y], Y]], [X, Y]], [X, Y]]]]"
14,5,9,-1013.0 / 1556755200,"[X, [X, [[X, [[[[[[X, Y], Y], Y], Y], Y], Y]], [[[X, Y], Y], Y]]]]"
14,6,8,-691.0 / 3302208000,"[X, [[X, [X, [[[[[[[X, Y], Y], Y], Y], Y], Y], Y]]], [X, [X, Y]]]]"
14,5,9,-2003.0 / 3632428800,"[X, [X, [[X, [[[[[[[X, Y], Y], Y], Y], Y], Y], Y]], [[X, Y], Y]]]]"
14,5,9,-1283.0 / 3632428800,"[X, [X, [[X, [[[[[[[[X, Y], Y], Y], Y], Y], Y], Y], Y]], [X, Y]]]]"
14,4,10,-43331.0 / 2615348736000,"[X, [X, [X, [[[[[[[[[[X, Y], Y], Y], Y], Y], Y], Y], Y], Y], Y]]]]"
14,9,5,-1643.0 / 1614412800,"[X, [[X, [X, Y]], [[X, [X, Y]], [[X, [X, Y]], [X, [[X, Y], Y]]]]]]"
14,9,5,127.0 / 69189120,"[X, [[X, [X, Y]], [[X, [X, Y]], [[[X, [X, Y]], [X, Y]], [X, Y]]]]]"
14,8,6,-3907.0 / 3632428800,"[X, [[X, [X, Y]], [[X, [X, Y]], [X, [[X, Y], [[[X, Y], Y], Y]]]]]]"
14,8,6,607.0 / 220147200,"[X, [[X, [X, Y]], [[X, [X, Y]], [[X, [[X, Y], Y]], [[X, Y], Y]]]]]"
14,8,6,11969.0 / 1816214400,"[X, [[X, [X, Y]], [[X, [X, Y]], [[X, [[[X, Y], Y], Y]], [X, Y]]]]]"
14,7,7,493.0 / 345945600,"[X, [[X, [X, Y]], [[X, [X, Y]], [X, [[[[[X, Y], Y], Y], Y], Y]]]]]"
14,9,5,-317.0 / 518918400,"[X, [[[X, [X, Y]], [[X, [X, Y]], [X, Y]]], [[X, [X, Y]], [X, Y]]]]"
14,8,6,107.0 / 56756700,"[X, [[X, [X, Y]], [[[X, [X, Y]], [X, Y]], [X, [[[X, Y], Y], Y]]]]]"
14,8,6,1.0 / 2802800,"[X, [[X, [X, Y]], [X, [[X, Y], [[X, Y], [[X, Y], [[X, Y], Y]]]]]]]"
14,8,6,-1451.0 / 302702400,"[X, [[X, [X, Y]], [[X, [[X, Y], [[X, Y], [[X, Y], Y]]]], [X, Y]]]]"
14,7,7,-149.0 / 57657600,"[X, [[X, [X, Y]], [X, [[X, Y], [[X, Y], [[[[X, Y], Y], Y], Y]]]]]]"
14,8,6,151.0 / 605404800,"[X, [[X, [X, Y]], [[X, [[X, Y], [[X, Y], Y]]], [X, [[X, Y], Y]]]]]"
14,8,6,-97.0 / 27518400,"[X, [[X, [X, Y]], [[[X, [[X, Y], [[X, Y], Y]]], [X, Y]], [X, Y]]]]"
14,7,7,-31.0 / 37065600,"[X, [[X, [X, Y]], [X, [[X, Y], [[[X, Y], Y], [[[X, Y], Y], Y]]]]]]"
14,7,7,47.0 / 10378368,"[X, [[X, [X, Y]], [X, [[[X, Y], [[[X, Y], Y], Y]], [[X, Y], Y]]]]]"
14,7,7,241.0 / 64864800,"[X, [[X, [X, Y]], [[X, [[X, Y], [[[[X, Y], Y], Y], Y]]], [X, Y]]]]"
14,6,8,107.0 / 108108000,"[X, [[X, [X, Y]], [X, [[X, Y], [[[[[[X, Y], Y], Y], Y], Y], Y]]]]]"
14,8,6,-1147.0 / 2421619200,"[X, [[[X, [X, Y]], [X, [[X, Y], Y]]], [X, [[X, Y], [[X, Y], Y]]]]]"
14,8,6,269.0 / 605404800,"[X, [[X, [X, Y]], [[X, [[X, Y], Y]], [[X, [[X, Y], Y]], [X, Y]]]]]"
14,7,7,191.0 / 207567360,"[X, [[X, [X, Y]], [[X, [[X, Y], Y]], [X, [[[[X, Y], Y], Y], Y]]]]]"
14,8,6,-337.0 / 201801600,"[X, [[[X, [X, Y]], [[X, [[X, Y], Y]], [X, Y]]], [X, [[X, Y], Y]]]]"
14,8,6,-641.0 / 75675600,"[X, [[X, [X, Y]], [[[[X, [[X, Y], Y]], [X, Y]], [X, Y]], [X, Y]]]]"
14,7,7,41.0 / 518918400,"[X, [[X, [X, Y]], [[X, [[X, Y], Y]], [[X, Y], [[[X, Y], Y], Y]]]]]"
14,7,7,-821.0 / 345945600,"[X, [[X, [X, Y]], [[[X, [[X, Y], Y]], [[X, Y], Y]], [[X, Y], Y]]]]"
14,7,7,-7.0 / 6177600,"[X, [[X, [X, Y]], [[X, [[[X, Y], Y], [[[X, Y], Y], Y]]], [X, Y]]]]"
14,6,8,103.0 / 64064000,"[X, [[X, [X, Y]], [X, [[[X, Y], Y], [[[[[X, Y], Y], Y], Y], Y]]]]]"
14,8,6,-577.0 / 403603200,"[X, [[[X, [X, Y]], [X, [[[X, Y], Y], Y]]], [[X, [X, Y]], [X, Y]]]]"
14,7,7,-17.0 / 74131200,"[X, [[[X, [X, Y]], [X, [[[X, Y], Y], Y]]], [X, [[[X, Y], Y], Y]]]]"
14,7,7,-509.0 / 129729600,"[X, [[X, [X, Y]], [[X, [[[X, Y], Y], Y]], [[X, Y], [[X, Y], Y]]]]]"
14,7,7,-743.0 / 51891840,"[X, [[X, [X, Y]], [[[X, [[[X, Y], Y], Y]], [[X, Y], Y]], [X, Y]]]]"
14,6,8,79.0 / 259459200,"[X, [[X, [X, Y]], [X, [[[[X, Y], Y], Y], [[[[X, Y], Y], Y], Y]]]]]"
14,7,7,-61.0 / 148262400,"[X, [[[X, [X, Y]], [X, [[[[X, Y], Y], Y], Y]]], [X, [[X, Y], Y]]]]"
14,7,7,-7747.0 / 1037836800,"[X, [[X, [X, Y]], [[[X, [[[[X, Y], Y], Y], Y]], [X, Y]], [X, Y]]]]"
14,6,8,-2383.0 / 1037836800,"[X, [[X, [X, Y]], [[X, [[[[X, Y], Y], Y], Y]], [[[X, Y], Y], Y]]]]"
14,6,8,-4033.0 / 1729728000,"[X, [[X, [X, Y]], [[X, [[[[[X, Y], Y], Y], Y], Y]], [[X, Y], Y]]]]"
14,6,8,-2477.0 / 1297296000,"[X, [[X, [X, Y]], [[X, [[[[[[X, Y], Y], Y], Y], Y], Y]], [X, Y]]]]"
14,5,9,-691.0 / 5283532800,"[X, [[X, [X, Y]], [X, [[[[[[[[X, Y], Y], Y], Y], Y], Y], Y], Y]]]]"
14,8,6,-373.0 / 330220800,"[X, [[[X, [X, Y]], [X, Y]], [X, [[X, Y], [[X, Y], [[X, Y], Y]]]]]]"
14,8,6,-2173.0 / 3632428800,"[X, [[[X, [X, Y]], [X, Y]], [[X, [[X, Y], [[X, Y], Y]]], [X, Y]]]]"
14,7,7,323.0 / 259459200,"[X, [[[X, [X, Y]], [X, Y]], [X, [[X, Y], [[[[X, Y], Y], Y], Y]]]]]"
14,8,6,-379.0 / 2421619200,"[X, [[[[X, [X, Y]], [X, Y]], [X, [[X, Y], Y]]], [X, [[X, Y], Y]]]]"
14,8,6,-797.0 / 145297152,"[X, [[[X, [X, Y]], [X, Y]], [[[X, [[X, Y], Y]], [X, Y]], [X, Y]]]]"
14,7,7,-1.0 / 14414400,"[X, [[[X, [X, Y]], [X, Y]], [X, [[[X, Y], Y], [[[X, Y], Y], Y]]]]]"
14,7,7,-193.0 / 51891840,"[X, [[[X, [X, Y]], [X, Y]], [[X, [[[X, Y], Y], Y]], [[X, Y], Y]]]]"
14,7,7,-2159.0 / 518918400,"[X, [[[X, [X, Y]], [X, Y]], [[X, [[[[X, Y], Y], Y], Y]], [X, Y]]]]"
14,6,8,-367.0 / 648648000,"[X, [[[X, [X, Y]], [X, Y]], [X, [[[[[[X, Y], Y], Y], Y], Y], Y]]]]"
14,8,6,551.0 / 1210809600,"[X, [[[[X, [X, Y]], [X, Y]], [X, Y]], [X, [[X, Y], [[X, Y], Y]]]]]"
14,8,6,-1.0 / 917280,"[X, [[[[X, [X, Y]], [X, Y]], [X, Y]], [[X, [[X, Y], Y]], [X, Y]]]]"
14,7,7,-947.0 / 1037836800,"[X, [[[[X, [X, Y]], [X, Y]], [X, Y]], [X, [[[[X, Y], Y], Y], Y]]]]"
14,8,6,3.0 / 11211200,"[X, [[[[[X, [X, Y]], [X, Y]], [X, Y]], [X, Y]], [X, [[X, Y], Y]]]]"
14,8,6,191.0 / 605404800,"[X, [[[[[[X, [X, Y]], [X, Y]], [X, Y]], [X, Y]], [X, Y]], [X, Y]]]"
14,7,7,79.0 / 14414400,"[X, [X, [[X, Y], [[X, Y], [[X, Y], [[X, Y], [[[X, Y], Y], Y]]]]]]]"
14,7,7,-173.0 / 24710400,"[X, [X, [[X, Y], [[X, Y], [[[X, Y], [[X, Y], Y]], [[X, Y], Y]]]]]]"
14,7,7,-263.0 / 86486400,"[X, [[X, [[X, Y], [[X, Y], [[X, Y], [[[X, Y], Y], Y]]]]], [X, Y]]]"
14,6,8,-2969.0 / 576576000,"[X, [X, [[X, Y], [[X, Y], [[X, Y], [[[[[X, Y], Y], Y], Y], Y]]]]]]"
14,7,7,1.0 / 19219200,"[X, [[X, [[X, Y], [[X, Y], [[X, Y], Y]]]], [X, [[[X, Y], Y], Y]]]]"
14,7,7,59.0 / 21621600,"[X, [X, [[[X, Y], [[X, Y], [[X, Y], Y]]], [[X, Y], [[X, Y], Y]]]]]"
14,7,7,859.0 / 172972800,"[X, [[X, [[X, Y], [[[X, Y], [[X, Y], Y]], [[X, Y], Y]]]], [X, Y]]]"
14,6,8,-961.0 / 188697600,"[X, [X, [[X, Y], [[X, Y], [[[X, Y], Y], [[[[X, Y], Y], Y], Y]]]]]]"
14,7,7,1.0 / 8236800,"[X, [[X, [[X, Y], [[X, Y], [[[X, Y], Y], Y]]]], [X, [[X, Y], Y]]]]"
14,7,7,149.0 / 43243200,"[X, [[[X, [[X, Y], [[X, Y], [[[X, Y], Y], Y]]]], [X, Y]], [X, Y]]]"
14,6,8,1091.0 / 172972800,"[X, [X, [[X, Y], [[[X, Y], [[[X, Y], Y], Y]], [[[X, Y], Y], Y]]]]]"
14,6,8,14059.0 / 1037836800,"[X, [X, [[X, Y], [[[X, Y], [[[[X, Y], Y], Y], Y]], [[X, Y], Y]]]]]"
14,6,8,2711.0 / 864864000,"[X, [[X, [[X, Y], [[X, Y], [[[[[X, Y], Y], Y], Y], Y]]]], [X, Y]]]"
14,5,9,613.0 / 484323840,"[X, [X, [[X, Y], [[X, Y], [[[[[[[X, Y], Y], Y], Y], Y], Y], Y]]]]]"
14,7,7,1.0 / 2620800,"[X, [[X, [[X, Y], [[X, Y], Y]]], [X, [[X, Y], [[[X, Y], Y], Y]]]]]"
14,7,7,-23.0 / 34594560,"[X, [[X, [[X, Y], [[X, Y], Y]]], [[X, [[X, Y], Y]], [[X, Y], Y]]]]"
14,7,7,-37.0 / 21621600,"[X, [[X, [[X, Y], [[X, Y], Y]]], [[X, [[[X, Y], Y], Y]], [X, Y]]]]"
14,6,8,-661.0 / 1729728000,"[X, [[X, [[X, Y], [[X, Y], Y]]], [X, [[[[[X, Y], Y], Y], Y], Y]]]]"
14,7,7,-89.0 / 103783680,"[X, [[[X, [[X, Y], [[X, Y], Y]]], [X, Y]], [X, [[[X, Y], Y], Y]]]]"
14,7,7,1.0 / 640640,"[X, [[X, [[X, Y], [[X, Y], Y]]], [[X, Y], [[X, Y], [[X, Y], Y]]]]]"
14,7,7,29.0 / 21621600,"[X, [[[X, [[X, Y], [[X, Y], Y]]], [[X, Y], [[X, Y], Y]]], [X, Y]]]"
14,6,8,10757.0 / 2075673600,"[X, [X, [[[X, Y], [[X, Y], Y]], [[X, Y], [[[[X, Y], Y], Y], Y]]]]]"
14,7,7,-17.0 / 69189120,"[X, [[X, [[[X, Y], [[X, Y], Y]], [[X, Y], Y]]], [X, [[X, Y], Y]]]]"
14,7,7,-67.0 / 86486400,"[X, [[[X, [[[X, Y], [[X, Y], Y]], [[X, Y], Y]]], [X, Y]], [X, Y]]]"
14,6,8,-97.0 / 16473600,"[X, [X, [[X, Y], [[[X, Y], Y], [[[X, Y], Y], [[[X, Y], Y], Y]]]]]]"
14,6,8,-127.0 / 115315200,"[X, [X, [[[X, Y], [[[X, Y], Y], [[[X, Y], Y], Y]]], [[X, Y], Y]]]]"
14,6,8,1739.0 / 518918400,"[X, [[X, [[X, Y], [[[X, Y], Y], [[[[X, Y], Y], Y], Y]]]], [X, Y]]]"
14,5,9,527.0 / 188697600,"[X, [X, [[X, Y], [[[X, Y], Y], [[[[[[X, Y], Y], Y], Y], Y], Y]]]]]"
14,7,7,-241.0 / 259459200,"[X, [[X, [[X, Y], [[[X, Y], Y], Y]]], [[X, [[X, Y], Y]], [X, Y]]]]"
14,6,8,-151.0 / 1037836800,"[X, [[X, [[X, Y], [[[X, Y], Y], Y]]], [X, [[[[X, Y], Y], Y], Y]]]]"
14,7,7,-17.0 / 34594560,"[X, [[[X, [[X, Y], [[[X, Y], Y], Y]]], [X, Y]], [X, [[X, Y], Y]]]]"
14,7,7,-67.0 / 129729600,"[X, [[[[X, [[X, Y], [[[X, Y], Y], Y]]], [X, Y]], [X, Y]], [X, Y]]]"
14,6,8,-101.0 / 518918400,"[X, [[X, [[X, Y], [[[X, Y], Y], Y]]], [[X, Y], [[[X, Y], Y], Y]]]]"
14,6,8,-9803.0 / 1037836800,"[X, [X, [[[[X, Y], [[[X, Y], Y], Y]], [[X, Y], Y]], [[X, Y], Y]]]]"
14,6,8,-263.0 / 86486400,"[X, [[X, [[[X, Y], [[[X, Y], Y], Y]], [[[X, Y], Y], Y]]], [X, Y]]]"
14,5,9,353.0 / 148262400,"[X, [X, [[X, Y], [[[[X, Y], Y], Y], [[[[[X, Y], Y], Y], Y], Y]]]]]"
14,6,8,-331.0 / 1037836800,"[X, [[X, [[X, Y], [[[[X, Y], Y], Y], Y]]], [X, [[[X, Y], Y], Y]]]]"
14,6,8,-139.0 / 148262400,"[X, [[X, [[X, Y], [[[[X, Y], Y], Y], Y]]], [[X, Y], [[X, Y], Y]]]]"
14,6,8,-3557.0 / 518918400,"[X, [[X, [[[X, Y], [[[[X, Y], Y], Y], Y]], [[X, Y], Y]]], [X, Y]]]"
14,5,9,-361.0 / 276756480,"[X, [X, [[[X, Y], [[[[X, Y], Y], Y], Y]], [[[[X, Y], Y], Y], Y]]]]"
14,6,8,-361.0 / 1729728000,"[X, [[X, [[X, Y], [[[[[X, Y], Y], Y], Y], Y]]], [X, [[X, Y], Y]]]]"
14,6,8,-449.0 / 216216000,"[X, [[[X, [[X, Y], [[[[[X, Y], Y], Y], Y], Y]]], [X, Y]], [X, Y]]]"
14,5,9,-499.0 / 172972800,"[X, [X, [[[X, Y], [[[[[X, Y], Y], Y], Y], Y]], [[[X, Y], Y], Y]]]]"
14,5,9,-317.0 / 115315200,"[X, [X, [[[X, Y], [[[[[[X, Y], Y], Y], Y], Y], Y]], [[X, Y], Y]]]]"
14,5,9,-5189.0 / 7264857600,"[X, [[X, [[X, Y], [[[[[[[X, Y], Y], Y], Y], Y], Y], Y]]], [X, Y]]]"
14,4,10,-28129.0 / 261534873600,"[X, [X, [[X, Y], [[[[[[[[[X, Y], Y], Y], Y], Y], Y], Y], Y], Y]]]]"
14,7,7,269.0 / 1037836800,"[X, [[X, [[X, Y], Y]], [[X, [[X, Y], Y]], [X, [[[X, Y], Y], Y]]]]]"
14,7,7,-1.0 / 1153152,"[X, [[X, [[X, Y], Y]], [[X, [[X, Y], Y]], [[X, Y], [[X, Y], Y]]]]]"
14,7,7,-79.0 / 31449600,"[X, [[X, [[X, Y], Y]], [[[X, [[X, Y], Y]], [[X, Y], Y]], [X, Y]]]]"
14,6,8,109.0 / 1037836800,"[X, [[X, [[X, Y], Y]], [X, [[[X, Y], Y], [[[[X, Y], Y], Y], Y]]]]]"
14,7,7,-53.0 / 19219200,"[X, [[X, [[X, Y], Y]], [[[X, [[[X, Y], Y], Y]], [X, Y]], [X, Y]]]]"
14,6,8,-349.0 / 518918400,"[X, [[X, [[X, Y], Y]], [[X, [[[X, Y], Y], Y]], [[[X, Y], Y], Y]]]]"
14,6,8,-1447.0 / 1037836800,"[X, [[X, [[X, Y], Y]], [[X, [[[[X, Y], Y], Y], Y]], [[X, Y], Y]]]]"
14,6,8,-2053.0 / 1729728000,"[X, [[X, [[X, Y], Y]], [[X, [[[[[X, Y], Y], Y], Y], Y]], [X, Y]]]]"
14,5,9,-1457.0 / 14529715200,"[X, [[X, [[X, Y], Y]], [X, [[[[[[[X, Y], Y], Y], Y], Y], Y], Y]]]]"
14,7,7,-59.0 / 57657600,"[X, [[[X, [[X, Y], Y]], [X, Y]], [[X, [[X, Y], Y]], [[X, Y], Y]]]]"
14,7,7,-193.0 / 64864800,"[X, [[[X, [[X, Y], Y]], [X, Y]], [[X, [[[X, Y], Y], Y]], [X, Y]]]]"
14,6,8,-257.0 / 288288000,"[X, [[[X, [[X, Y], Y]], [X, Y]], [X, [[[[[X, Y], Y], Y], Y], Y]]]]"
14,7,7,-1.0 / 2948400,"[X, [[[[X, [[X, Y], Y]], [X, Y]], [X, Y]], [X, [[[X, Y], Y], Y]]]]"
14,7,7,1.0 / 1153152,"[X, [[X, [[X, Y], Y]], [[X, Y], [[X, Y], [[X, Y], [[X, Y], Y]]]]]]"
14,7,7,19.0 / 3203200,"[X, [[[X, [[X, Y], Y]], [[X, Y], [[X, Y], [[X, Y], Y]]]], [X, Y]]]"
14,6,8,509.0 / 518918400,"[X, [[X, [[X, Y], Y]], [[X, Y], [[X, Y], [[[[X, Y], Y], Y], Y]]]]]"
14,7,7,1373.0 / 172972800,"[X, [[[[X, [[X, Y], Y]], [[X, Y], [[X, Y], Y]]], [X, Y]], [X, Y]]]"
14,6,8,71.0 / 172972800,"[X, [[X, [[X, Y], Y]], [[X, Y], [[[X, Y], Y], [[[X, Y], Y], Y]]]]]"
14,6,8,-137.0 / 74131200,"[X, [[X, [[X, Y], Y]], [[[X, Y], [[[X, Y], Y], Y]], [[X, Y], Y]]]]"
14,6,8,-953.0 / 518918400,"[X, [[[X, [[X, Y], Y]], [[X, Y], [[[[X, Y], Y], Y], Y]]], [X, Y]]]"
14,5,9,-113.0 / 230630400,"[X, [[X, [[X, Y], Y]], [[X, Y], [[[[[[X, Y], Y], Y], Y], Y], Y]]]]"
14,6,8,-289.0 / 1037836800,"[X, [[[X, [[X, Y], Y]], [[X, Y], Y]], [X, [[[[X, Y], Y], Y], Y]]]]"
14,7,7,487.0 / 86486400,"[X, [[[[[X, [[X, Y], Y]], [[X, Y], Y]], [X, Y]], [X, Y]], [X, Y]]]"
14,6,8,17.0 / 32432400,"[X, [[[X, [[X, Y], Y]], [[X, Y], Y]], [[X, Y], [[[X, Y], Y], Y]]]]"
14,6,8,67.0 / 98841600,"[X, [[[[X, [[X, Y], Y]], [[X, Y], Y]], [[X, Y], Y]], [[X, Y], Y]]]"
14,6,8,701.0 / 172972800,"[X, [[X, [[[X, Y], Y], [[[X, Y], Y], [[[X, Y], Y], Y]]]], [X, Y]]]"
14,5,9,2747.0 / 691891200,"[X, [X, [[[X, Y], Y], [[[X, Y], Y], [[[[[X, Y], Y], Y], Y], Y]]]]]"
14,6,8,-1.0 / 7862400,"[X, [[X, [[[X, Y], Y], [[[X, Y], Y], Y]]], [X, [[[X, Y], Y], Y]]]]"
14,6,8,47.0 / 86486400,"[X, [[X, [[[X, Y], Y], [[[X, Y], Y], Y]]], [[X, Y], [[X, Y], Y]]]]"
14,6,8,127.0 / 43243200,"[X, [[[X, [[[X, Y], Y], [[[X, Y], Y], Y]]], [[X, Y], Y]], [X, Y]]]"
14,5,9,569.0 / 415134720,"[X, [X, [[[X, Y], Y], [[[[X, Y], Y], Y], [[[[X, Y], Y], Y], Y]]]]]"
14,6,8,-1783.0 / 1037836800,"[X, [[[X, [[[X, Y], Y], [[[[X, Y], Y], Y], Y]]], [X, Y]], [X, Y]]]"
14,5,9,-19.0 / 4942080,"[X, [X, [[[[X, Y], Y], [[[[X, Y], Y], Y], Y]], [[[X, Y], Y], Y]]]]"
14,5,9,-47.0 / 62899200,"[X, [[X, [[[X, Y], Y], [[[[[X, Y], Y], Y], Y], Y]]], [[X, Y], Y]]]"
14,5,9,-3217.0 / 2075673600,"[X, [[X, [[[X, Y], Y], [[[[[[X, Y], Y], Y], Y], Y], Y]]], [X, Y]]]"
14,4,10,-18253.0 / 58118860800,"[X, [X, [[[X, Y], Y], [[[[[[[[X, Y], Y], Y], Y], Y], Y], Y], Y]]]]"
14,6,8,-223.0 / 518918400,"[X, [[X, [[[X, Y], Y], Y]], [[X, [[[X, Y], Y], Y]], [[X, Y], Y]]]]"
14,6,8,-167.0 / 259459200,"[X, [[X, [[[X, Y], Y], Y]], [[X, [[[[X, Y], Y], Y], Y]], [X, Y]]]]"
14,5,9,-683.0 / 6227020800,"[X, [[X, [[[X, Y], Y], Y]], [X, [[[[[[X, Y], Y], Y], Y], Y], Y]]]]"
14,6,8,-61.0 / 148262400,"[X, [[[X, [[[X, Y], Y], Y]], [X, Y]], [X, [[[[X, Y], Y], Y], Y]]]]"
14,7,7,191.0 / 64864800,"[X, [[[[[X, [[[X, Y], Y], Y]], [X, Y]], [X, Y]], [X, Y]], [X, Y]]]"
14,6,8,41.0 / 43243200,"[X, [[X, [[[X, Y], Y], Y]], [[X, Y], [[X, Y], [[[X, Y], Y], Y]]]]]"
14,6,8,373.0 / 518918400,"[X, [[X, [[[X, Y], Y], Y]], [[[X, Y], [[X, Y], Y]], [[X, Y], Y]]]]"
14,6,8,373.0 / 259459200,"[X, [[[X, [[[X, Y], Y], Y]], [[X, Y], [[[X, Y], Y], Y]]], [X, Y]]]"
14,5,9,-331.0 / 1037836800,"[X, [[X, [[[X, Y], Y], Y]], [[X, Y], [[[[[X, Y], Y], Y], Y], Y]]]]"
14,6,8,2309.0 / 518918400,"[X, [[[X, [[[X, Y], Y], Y]], [[X, Y], Y]], [[X, Y], [[X, Y], Y]]]]"
14,6,8,359.0 / 47174400,"[X, [[[[X, [[[X, Y], Y], Y]], [[X, Y], Y]], [[X, Y], Y]], [X, Y]]]"
14,5,9,-1.0 / 27675648,"[X, [[X, [[[X, Y], Y], Y]], [[[X, Y], Y], [[[[X, Y], Y], Y], Y]]]]"
14,6,8,149.0 / 43243200,"[X, [[[[X, [[[X, Y], Y], Y]], [[[X, Y], Y], Y]], [X, Y]], [X, Y]]]"
14,5,9,127.0 / 311351040,"[X, [[[X, [[[X, Y], Y], Y]], [[[X, Y], Y], Y]], [[[X, Y], Y], Y]]]"
14,5,9,79.0 / 415134720,"[X, [[X, [[[[X, Y], Y], Y], [[[[X, Y], Y], Y], Y]]], [[X, Y], Y]]]"
14,5,9,-1333.0 / 1037836800,"[X, [[X, [[[[X, Y], Y], Y], [[[[[X, Y], Y], Y], Y], Y]]], [X, Y]]]"
14,4,10,-11017.0 / 21794572800,"[X, [X, [[[[X, Y], Y], Y], [[[[[[[X, Y], Y], Y], Y], Y], Y], Y]]]]"
14,5,9,-23.0 / 1383782400,"[X, [[X, [[[[X, Y], Y], Y], Y]], [X, [[[[[X, Y], Y], Y], Y], Y]]]]"
14,6,8,599.0 / 518918400,"[X, [[X, [[[[X, Y], Y], Y], Y]], [[X, Y], [[X, Y], [[X, Y], Y]]]]]"
14,6,8,71.0 / 16216200,"[X, [[[X, [[[[X, Y], Y], Y], Y]], [[X, Y], [[X, Y], Y]]], [X, Y]]]"
14,5,9,107.0 / 830269440,"[X, [[X, [[[[X, Y], Y], Y], Y]], [[X, Y], [[[[X, Y], Y], Y], Y]]]]"
14,6,8,23.0 / 3369600,"[X, [[[[X, [[[[X, Y], Y], Y], Y]], [[X, Y], Y]], [X, Y]], [X, Y]]]"
14,5,9,29.0 / 37739520,"[X, [[X, [[[[X, Y], Y], Y], Y]], [[[X, Y], Y], [[[X, Y], Y], Y]]]]"
14,5,9,461.0 / 207567360,"[X, [[[X, [[[[X, Y], Y], Y], Y]], [[[X, Y], Y], Y]], [[X, Y], Y]]]"
14,5,9,71.0 / 92252160,"[X, [[[X, [[[[X, Y], Y], Y], Y]], [[[[X, Y], Y], Y], Y]], [X, Y]]]"
14,4,10,-5101.0 / 12454041600,"[X, [X, [[[[[X, Y], Y], Y], Y], [[[[[[X, Y], Y], Y], Y], Y], Y]]]]"
14,6,8,587.0 / 288288000,"[X, [[[[X, [[[[[X, Y], Y], Y], Y], Y]], [X, Y]], [X, Y]], [X, Y]]]"
14,5,9,421.0 / 1037836800,"[X, [[X, [[[[[X, Y], Y], Y], Y], Y]], [[X, Y], [[[X, Y], Y], Y]]]]"
14,5,9,713.0 / 691891200,"[X, [[[X, [[[[[X, Y], Y], Y], Y], Y]], [[X, Y], Y]], [[X, Y], Y]]]"
14,5,9,859.0 / 518918400,"[X, [[[X, [[[[[X, Y], Y], Y], Y], Y]], [[[X, Y], Y], Y]], [X, Y]]]"
14,4,10,551.0 / 10378368000,"[X, [[X, [[[[[X, Y], Y], Y], Y], Y]], [[[[[X, Y], Y], Y], Y], Y]]]"
14,5,9,1123.0 / 2075673600,"[X, [[X, [[[[[[X, Y], Y], Y], Y], Y], Y]], [[X, Y], [[X, Y], Y]]]]"
14,5,9,521.0 / 345945600,"[X, [[[X, [[[[[[X, Y], Y], Y], Y], Y], Y]], [[X, Y], Y]], [X, Y]]]"
14,4,10,683.0 / 6227020800,"[X, [[X, [[[[[[X, Y], Y], Y], Y], Y], Y]], [[[[X, Y], Y], Y], Y]]]"
14,5,9,3869.0 / 7264857600,"[X, [[[X, [[[[[[[X, Y], Y], Y], Y], Y], Y], Y]], [X, Y]], [X, Y]]]"
14,4,10,1343.0 / 10897286400,"[X, [[X, [[[[[[[X, Y], Y], Y], Y], Y], Y], Y]], [[[X, Y], Y], Y]]]"
14,4,10,2663.0 / 29059430400,"[X, [[X, [[[[[[[[X, Y], Y], Y], Y], Y], Y], Y], Y]], [[X, Y], Y]]]"
14,4,10,691.0 / 11887948800,"[X, [[X, [[[[[[[[[X, Y], Y], Y], Y], Y], Y], Y], Y], Y]], [X, Y]]]"
14,3,11,691.0 / 217945728000,"[X, [X, [[[[[[[[[[[X, Y], Y], Y], Y], Y], Y], Y], Y], Y], Y], Y]]]"
14,7,7,191.0 / 86486400,"[X, [[X, Y], [[X, Y], [[X, Y], [[X, Y], [[X, Y], [[X, Y], Y]]]]]]]"
14,6,8,-127.0 / 21621600,"[X, [[X, Y], [[X, Y], [[X, Y], [[X, Y], [[[[X, Y], Y], Y], Y]]]]]]"
14,6,8,-61.0 / 86486400,"[X, [[X, Y], [[X, Y], [[X, Y], [[[X, Y], Y], [[[X, Y], Y], Y]]]]]]"
14,6,8,179.0 / 12355200,"[X, [[X, Y], [[X, Y], [[[X, Y], [[[X, Y], Y], Y]], [[X, Y], Y]]]]]"
14,5,9,2663.0 / 1037836800,"[X, [[X, Y], [[X, Y], [[X, Y], [[[[[[X, Y], Y], Y], Y], Y], Y]]]]]"
14,6,8,1.0 / 245700,"[X, [[X, Y], [[[X, Y], [[X, Y], Y]], [[X, Y], [[[X, Y], Y], Y]]]]]"
14,6,8,-359.0 / 86486400,"[X, [[X, Y], [[[[X, Y], [[X, Y], Y]], [[X, Y], Y]], [[X, Y], Y]]]]"
14,5,9,1471.0 / 345945600,"[X, [[X, Y], [[X, Y], [[[X, Y], Y], [[[[[X, Y], Y], Y], Y], Y]]]]]"
14,6,8,-211.0 / 86486400,"[X, [[[X, Y], [[X, Y], [[[X, Y], Y], Y]]], [[X, Y], [[X, Y], Y]]]]"
14,5,9,17.0 / 18869760,"[X, [[X, Y], [[X, Y], [[[[X, Y], Y], Y], [[[[X, Y], Y], Y], Y]]]]]"
14,5,9,-607.0 / 103783680,"[X, [[X, Y], [[[X, Y], [[[[X, Y], Y], Y], Y]], [[[X, Y], Y], Y]]]]"
14,5,9,-1063.0 / 172972800,"[X, [[X, Y], [[[X, Y], [[[[[X, Y], Y], Y], Y], Y]], [[X, Y], Y]]]]"
14,4,10,-1283.0 / 3632428800,"[X, [[X, Y], [[X, Y], [[[[[[[[X, Y], Y], Y], Y], Y], Y], Y], Y]]]]"
14,6,8,-1.0 / 491400,"[X, [[[X, Y], [[X, Y], Y]], [[[X, Y], [[X, Y], Y]], [[X, Y], Y]]]]"
14,5,9,-697.0 / 345945600,"[X, [[[X, Y], [[X, Y], Y]], [[X, Y], [[[[[X, Y], Y], Y], Y], Y]]]]"
14,5,9,1.0 / 199680,"[X, [[X, Y], [[[X, Y], Y], [[[X, Y], Y], [[[[X, Y], Y], Y], Y]]]]]"
14,5,9,-17.0 / 6918912,"[X, [[X, Y], [[[[X, Y], Y], [[[X, Y], Y], Y]], [[[X, Y], Y], Y]]]]"
14,5,9,-241.0 / 138378240,"[X, [[[X, Y], [[[X, Y], Y], [[[[X, Y], Y], Y], Y]]], [[X, Y], Y]]]"
14,4,10,-3323.0 / 3632428800,"[X, [[X, Y], [[[X, Y], Y], [[[[[[[X, Y], Y], Y], Y], Y], Y], Y]]]]"
14,5,9,-5.0 / 5930496,"[X, [[[X, Y], [[[X, Y], Y], Y]], [[X, Y], [[[[X, Y], Y], Y], Y]]]]"
14,5,9,43.0 / 34594560,"[X, [[[X, Y], [[[X, Y], Y], Y]], [[[X, Y], Y], [[[X, Y], Y], Y]]]]"
14,5,9,113.0 / 34594560,"[X, [[[[X, Y], [[[X, Y], Y], Y]], [[[X, Y], Y], Y]], [[X, Y], Y]]]"
14,4,10,-461.0 / 389188800,"[X, [[X, Y], [[[[X, Y], Y], Y], [[[[[[X, Y], Y], Y], Y], Y], Y]]]]"
14,5,9,463.0 / 138378240,"[X, [[[[X, Y], [[[[X, Y], Y], Y], Y]], [[X, Y], Y]], [[X, Y], Y]]]"
14,4,10,-431.0 / 1037836800,"[X, [[X, Y], [[[[[X, Y], Y], Y], Y], [[[[[X, Y], Y], Y], Y], Y]]]]"
14,4,10,617.0 / 1037836800,"[X, [[[X, Y], [[[[[X, Y], Y], Y], Y], Y]], [[[[X, Y], Y], Y], Y]]]"
14,4,10,1013.0 / 1556755200,"[X, [[[X, Y], [[[[[[X, Y], Y], Y], Y], Y], Y]], [[[X, Y], Y], Y]]]"
14,4,10,2003.0 / 3632428800,"[X, [[[X, Y], [[[[[[[X, Y], Y], Y], Y], Y], Y], Y]], [[X, Y], Y]]]"
14,3,11,691.0 / 39626496000,"[X, [[X, Y], [[[[[[[[[[X, Y], Y], Y], Y], Y], Y], Y], Y], Y], Y]]]"
14,5,9,127.0 / 69189120,"[X, [[[X, Y], Y], [[[X, Y], Y], [[[X, Y], Y], [[[X, Y], Y], Y]]]]]"
14,4,10,-43.0 / 34594560,"[X, [[[X, Y], Y], [[[X, Y], Y], [[[[[[X, Y], Y], Y], Y], Y], Y]]]]"
14,4,10,-569.0 / 518918400,"[X, [[[X, Y], Y], [[[[X, Y], Y], Y], [[[[[X, Y], Y], Y], Y], Y]]]]"
14,4,10,37.0 / 69189120,"[X, [[[[X, Y], Y], [[[[X, Y], Y], Y], Y]], [[[[X, Y], Y], Y], Y]]]"
14,4,10,29.0 / 23587200,"[X, [[[[X, Y], Y], [[[[[X, Y], Y], Y], Y], Y]], [[[X, Y], Y], Y]]]"
14,3,11,4309.0 / 87178291200,"[X, [[[X, Y], Y], [[[[[[[[[X, Y], Y], Y], Y], Y], Y], Y], Y], Y]]]"
14,4,10,-191.0 / 311351040,"[X, [[[[X, Y], Y], Y], [[[[X, Y], Y], Y], [[[[X, Y], Y], Y], Y]]]]"
14,3,11,2663.0 / 29059430400,"[X, [[[[X, Y], Y], Y], [[[[[[[[X, Y], Y], Y], Y], Y], Y], Y], Y]]]"
14,3,11,1457.0 / 14529715200,"[X, [[[[[X, Y], Y], Y], Y], [[[[[[[X, Y], Y], Y], Y], Y], Y], Y]]]"
14,3,11,157.0 / 3459456000,"[X, [[[[[[X, Y], Y], Y], Y], Y], [[[[[[X, Y], Y], Y], Y], Y], Y]]]"
14,2,12,-691.0 / 2615348736000,"[X, [[[[[[[[[[[[X, Y], Y], Y], Y], Y], Y], Y], Y], Y], Y], Y], Y]]"
15,14,1,1.0 / 74724249600,"[X, [X, [X, [X, [X, [X, [X, [X, [X, [X, [X, [X, [X, [X, Y]]]]]]]]]]]]]]"
15,13,2,-1.0 / 5337446400,"[X, [X, [X, [X, [X, [X, [X, [X, [X, [X, [X, [X, [[X, Y], Y]]]]]]]]]]]]]"
15,13,2,1.0 / 1186099200,"[X, [X, [X, [X, [X, [X, [X, [X, [X, [X, [[X, [X, Y]], [X, Y]]]]]]]]]]]]"
15,12,3,277.0 / 245188944000,"[X, [X, [X, [X, [X, [X, [X, [X, [X, [X, [X, [[[X, Y], Y], Y]]]]]]]]]]]]"
15,13,2,-527.0 / 290594304000,"[X, [X, [X, [X, [X, [X, [X, [X, [[X, [X, [X, Y]]], [X, [X, Y]]]]]]]]]]]"
15,12,3,-1247.0 / 1307674368000,"[X, [X, [X, [X, [X, [X, [X, [X, [X, [X, [[X, Y], [[X, Y], Y]]]]]]]]]]]]"
15,12,3,-3463.0 / 326918592000,"[X, [X, [X, [X, [X, [X, [X, [X, [X, [[X, [[X, Y], Y]], [X, Y]]]]]]]]]]]"
15,11,4,-1247.0 / 326918592000,"[X, [X, [X, [X, [X, [X, [X, [X, [X, [X, [[[[X, Y], Y], Y], Y]]]]]]]]]]]"
15,13,2,1013.0 / 653837184000,"[X, [X, [X, [X, [X, [X, [[X, [X, [X, [X, Y]]]], [X, [X, [X, Y]]]]]]]]]]"
15,12,3,-691.0 / 174356582400,"[X, [X, [X, [X, [X, [X, [X, [X, [[X, [X, Y]], [X, [[X, Y], Y]]]]]]]]]]]"
15,12,3,15941.0 / 1307674368000,"[X, [X, [X, [X, [X, [X, [X, [X, [[[X, [X, Y]], [X, Y]], [X, Y]]]]]]]]]]"
15,11,4,-1247.0 / 261534873600,"[X, [X, [X, [X, [X, [X, [X, [X, [X, [[X, Y], [[[X, Y], Y], Y]]]]]]]]]]]"
15,12,3,1619.0 / 108972864000,"[X, [X, [X, [X, [X, [X, [X, [[X, [X, [[X, Y], Y]]], [X, [X, Y]]]]]]]]]]"
15,11,4,14093.0 / 871782912000,"[X, [X, [X, [X, [X, [X, [X, [X, [[X, [[X, Y], Y]], [[X, Y], Y]]]]]]]]]]"
15,11,4,24257.0 / 653837184000,"[X, [X, [X, [X, [X, [X, [X, [X, [[X, [[[X, Y], Y], Y]], [X, Y]]]]]]]]]]"
15,10,5,317.0 / 40864824000,"[X, [X, [X, [X, [X, [X, [X, [X, [X, [[[[[X, Y], Y], Y], Y], Y]]]]]]]]]]"
15,12,3,1.0 / 111767040,"[X, [X, [X, [X, [X, [X, [[X, [X, [X, Y]]], [X, [X, [[X, Y], Y]]]]]]]]]]"
15,12,3,1429.0 / 217945728000,"[X, [X, [X, [X, [X, [X, [X, [[X, [X, Y]], [[X, [X, Y]], [X, Y]]]]]]]]]]"
15,11,4,353.0 / 14859936000,"[X, [X, [X, [X, [X, [X, [X, [[X, [X, Y]], [X, [[[X, Y], Y], Y]]]]]]]]]]"
15,12,3,-5521.0 / 217945728000,"[X, [X, [X, [X, [X, [X, [[X, [[X, [X, Y]], [X, Y]]], [X, [X, Y]]]]]]]]]"
15,11,4,-4021.0 / 217945728000,"[X, [X, [X, [X, [X, [X, [X, [X, [[X, Y], [[X, Y], [[X, Y], Y]]]]]]]]]]]"
15,11,4,-59.0 / 4843238400,"[X, [X, [X, [X, [X, [X, [X, [[X, [[X, Y], [[X, Y], Y]]], [X, Y]]]]]]]]]"
15,10,5,1277.0 / 58118860800,"[X, [X, [X, [X, [X, [X, [X, [X, [[X, Y], [[[[X, Y], Y], Y], Y]]]]]]]]]]"
15,12,3,-1241.0 / 326918592000,"[X, [X, [X, [X, [X, [[X, [X, [X, [[X, Y], Y]]]], [X, [X, [X, Y]]]]]]]]]"
15,11,4,-127.0 / 48432384000,"[X, [X, [X, [X, [X, [X, [[X, [X, [[X, Y], Y]]], [X, [[X, Y], Y]]]]]]]]]"
15,11,4,-10421.0 / 108972864000,"[X, [X, [X, [X, [X, [X, [X, [[[X, [[X, Y], Y]], [X, Y]], [X, Y]]]]]]]]]"
15,10,5,1.0 / 574801920,"[X, [X, [X, [X, [X, [X, [X, [X, [[[X, Y], Y], [[[X, Y], Y], Y]]]]]]]]]]"
15,11,4,-1633.0 / 50295168000,"[X, [X, [X, [X, [X, [X, [[X, [X, [[[X, Y], Y], Y]]], [X, [X, Y]]]]]]]]]"
15,10,5,-7307.0 / 130767436800,"[X, [X, [X, [X, [X, [X, [X, [[X, [[[X, Y], Y], Y]], [[X, Y], Y]]]]]]]]]"
15,10,5,-541.0 / 8172964800,"[X, [X, [X, [X, [X, [X, [X, [[X, [[[[X, Y], Y], Y], Y]], [X, Y]]]]]]]]]"
15,9,6,-449.0 / 49037788800,"[X, [X, [X, [X, [X, [X, [X, [X, [[[[[[X, Y], Y], Y], Y], Y], Y]]]]]]]]]"
15,13,2,-47.0 / 96864768000,"[X, [X, [[X, [X, [X, [X, [X, [X, Y]]]]]], [X, [X, [X, [X, [X, Y]]]]]]]]"
15,12,3,-209.0 / 95103590400,"[X, [X, [X, [X, [[X, [X, [X, [X, Y]]]], [X, [X, [X, [[X, Y], Y]]]]]]]]]"
15,12,3,-2963.0 / 290594304000,"[X, [X, [X, [X, [X, [[X, [X, [X, Y]]], [X, [[X, [X, Y]], [X, Y]]]]]]]]]"
15,11,4,-401.0 / 26687232000,"[X, [X, [X, [X, [X, [[X, [X, [X, Y]]], [X, [X, [[[X, Y], Y], Y]]]]]]]]]"
15,12,3,-6277.0 / 871782912000,"[X, [X, [X, [X, [X, [[[X, [X, [X, Y]]], [X, [X, Y]]], [X, [X, Y]]]]]]]]"
15,11,4,-61.0 / 217945728000,"[X, [X, [X, [X, [X, [X, [[X, [X, Y]], [X, [[X, Y], [[X, Y], Y]]]]]]]]]]"
15,11,4,-23053.0 / 217945728000,"[X, [X, [X, [X, [X, [X, [[X, [X, Y]], [[X, [[X, Y], Y]], [X, Y]]]]]]]]]"
15,10,5,-6533.0 / 149448499200,"[X, [X, [X, [X, [X, [X, [[X, [X, Y]], [X, [[[[X, Y], Y], Y], Y]]]]]]]]]"
15,12,3,-9547.0 / 523069747200,"[X, [X, [X, [X, [[X, [X, [[X, [X, Y]], [X, Y]]]], [X, [X, [X, Y]]]]]]]]"
15,11,4,-17629.0 / 435891456000,"[X, [X, [X, [X, [X, [X, [[[X, [X, Y]], [X, Y]], [X, [[X, Y], Y]]]]]]]]]"
15,11,4,727.0 / 108972864000,"[X, [X, [X, [X, [X, [X, [[[[X, [X, Y]], [X, Y]], [X, Y]], [X, Y]]]]]]]]"
15,10,5,11269.0 / 261534873600,"[X, [X, [X, [X, [X, [X, [X, [[X, Y], [[X, Y], [[[X, Y], Y], Y]]]]]]]]]]"
15,11,4,-15731.0 / 435891456000,"[X, [X, [X, [X, [X, [[X, [X, [[X, Y], [[X, Y], Y]]]], [X, [X, Y]]]]]]]]"
15,10,5,-397.0 / 8302694400,"[X, [X, [X, [X, [X, [X, [X, [[[X, Y], [[X, Y], Y]], [[X, Y], Y]]]]]]]]]"
15,10,5,-397.0 / 4151347200,"[X, [X, [X, [X, [X, [X, [[X, [[X, Y], [[[X, Y], Y], Y]]], [X, Y]]]]]]]]"
15,9,6,-1523.0 / 40236134400,"[X, [X, [X, [X, [X, [X, [X, [[X, Y], [[[[[X, Y], Y], Y], Y], Y]]]]]]]]]"
15,12,3,-223.0 / 32691859200,"[X, [X, [X, [[X, [X, [X, [X, [[X, Y], Y]]]]], [X, [X, [X, [X, Y]]]]]]]]"
15,11,4,-1997.0 / 174356582400,"[X, [X, [X, [X, [[X, [X, [X, [[X, Y], Y]]]], [X, [X, [[X, Y], Y]]]]]]]]"
15,11,4,-15139.0 / 435891456000,"[X, [X, [X, [X, [X, [[X, [X, [[X, Y], Y]]], [[X, [X, Y]], [X, Y]]]]]]]]"
15,10,5,-11911.0 / 523069747200,"[X, [X, [X, [X, [X, [X, [[X, [[X, Y], Y]], [X, [[[X, Y], Y], Y]]]]]]]]]"
15,11,4,-11813.0 / 217945728000,"[X, [X, [X, [X, [X, [[X, [[X, [[X, Y], Y]], [X, Y]]], [X, [X, Y]]]]]]]]"
15,10,5,-179.0 / 5283532800,"[X, [X, [X, [X, [X, [X, [[X, [[X, Y], Y]], [[X, Y], [[X, Y], Y]]]]]]]]]"
15,10,5,97.0 / 174356582400,"[X, [X, [X, [X, [X, [X, [[[X, [[X, Y], Y]], [[X, Y], Y]], [X, Y]]]]]]]]"
15,9,6,-4889.0 / 95103590400,"[X, [X, [X, [X, [X, [X, [X, [[[X, Y], Y], [[[[X, Y], Y], Y], Y]]]]]]]]]"
15,11,4,-2239.0 / 130767436800,"[X, [X, [X, [X, [[X, [X, [X, [[[X, Y], Y], Y]]]], [X, [X, [X, Y]]]]]]]]"
15,10,5,-1523.0 / 43589145600,"[X, [X, [X, [X, [X, [[X, [X, [[[X, Y], Y], Y]]], [X, [[X, Y], Y]]]]]]]]"
15,10,5,4217.0 / 87178291200,"[X, [X, [X, [X, [X, [X, [[[X, [[[X, Y], Y], Y]], [X, Y]], [X, Y]]]]]]]]"
15,9,6,-503.0 / 156920924160,"[X, [X, [X, [X, [X, [X, [[X, [[[X, Y], Y], Y]], [[[X, Y], Y], Y]]]]]]]]"
15,10,5,-1.0 / 389188800,"[X, [X, [X, [X, [X, [[X, [X, [[[[X, Y], Y], Y], Y]]], [X, [X, Y]]]]]]]]"
15,9,6,3533.0 / 523069747200,"[X, [X, [X, [X, [X, [X, [[X, [[[[X, Y], Y], Y], Y]], [[X, Y], Y]]]]]]]]"
15,9,6,8857.0 / 261534873600,"[X, [X, [X, [X, [X, [X, [[X, [[[[[X, Y], Y], Y], Y], Y]], [X, Y]]]]]]]]"
15,8,7,29.0 / 6810804000,"[X, [X, [X, [X, [X, [X, [X, [[[[[[[X, Y], Y], Y], Y], Y], Y], Y]]]]]]]]"
15,13,2,1.0 / 10674892800,"[[X, [X, [X, [X, [X, [X, [X, Y]]]]]]], [X, [X, [X, [X, [X, [X, Y]]]]]]]"
15,12,3,-601.0 / 145297152000,"[X, [X, [[X, [X, [X, [X, [X, Y]]]]], [X, [X, [X, [X, [[X, Y], Y]]]]]]]]"
15,12,3,-8369.0 / 653837184000,"[X, [X, [X, [[X, [X, [X, [X, Y]]]], [X, [X, [[X, [X, Y]], [X, Y]]]]]]]]"
15,11,4,-5179.0 / 261534873600,"[X, [X, [X, [[X, [X, [X, [X, Y]]]], [X, [X, [X, [[[X, Y], Y], Y]]]]]]]]"
15,12,3,1439.0 / 871782912000,"[X, [X, [X, [X, [[X, [X, [X, Y]]], [[X, [X, [X, Y]]], [X, [X, Y]]]]]]]]"
15,11,4,-661.0 / 29059430400,"[X, [X, [X, [X, [[X, [X, [X, Y]]], [X, [X, [[X, Y], [[X, Y], Y]]]]]]]]]"
15,11,4,-653.0 / 8717829120,"[X, [X, [X, [X, [[X, [X, [X, Y]]], [X, [[X, [[X, Y], Y]], [X, Y]]]]]]]]"
15,10,5,-2363.0 / 104613949440,"[X, [X, [X, [X, [[X, [X, [X, Y]]], [X, [X, [[[[X, Y], Y], Y], Y]]]]]]]]"
15,12,3,53.0 / 733824000,"[X, [X, [X, [[X, [[X, [X, [X, Y]]], [X, [X, Y]]]], [X, [X, [X, Y]]]]]]]"
15,11,4,157.0 / 39626496000,"[X, [X, [X, [X, [X, [[X, [X, Y]], [[X, [X, Y]], [X, [[X, Y], Y]]]]]]]]]"
15,11,4,127.0 / 5448643200,"[X, [X, [X, [X, [X, [[X, [X, Y]], [[[X, [X, Y]], [X, Y]], [X, Y]]]]]]]]"
15,10,5,-499.0 / 10059033600,"[X, [X, [X, [X, [X, [[X, [X, Y]], [X, [[X, Y], [[[X, Y], Y], Y]]]]]]]]]"
15,11,4,443.0 / 7925299200,"[X, [X, [X, [X, [[X, [[X, [X, Y]], [X, [[X, Y], Y]]]], [X, [X, Y]]]]]]]"
15,10,5,-379.0 / 21794572800,"[X, [X, [X, [X, [X, [[X, [X, Y]], [[X, [[X, Y], Y]], [[X, Y], Y]]]]]]]]"
15,10,5,277.0 / 18681062400,"[X, [X, [X, [X, [X, [[X, [X, Y]], [[X, [[[X, Y], Y], Y]], [X, Y]]]]]]]]"
15,9,6,1007.0 / 124540416000,"[X, [X, [X, [X, [X, [[X, [X, Y]], [X, [[[[[X, Y], Y], Y], Y], Y]]]]]]]]"
15,12,3,659.0 / 27243216000,"[X, [X, [[X, [X, [X, [[X, [X, Y]], [X, Y]]]]], [X, [X, [X, [X, Y]]]]]]]"
15,11,4,167.0 / 5448643200,"[X, [X, [X, [X, [[X, [[X, [X, Y]], [X, Y]]], [X, [X, [[X, Y], Y]]]]]]]]"
15,11,4,851.0 / 5448643200,"[X, [X, [X, [X, [[X, [[X, [X, Y]], [X, Y]]], [[X, [X, Y]], [X, Y]]]]]]]"
15,10,5,367.0 / 10897286400,"[X, [X, [X, [X, [X, [[[X, [X, Y]], [X, Y]], [X, [[[X, Y], Y], Y]]]]]]]]"
15,11,4,14473.0 / 43589145600,"[X, [X, [X, [X, [[X, [[[X, [X, Y]], [X, Y]], [X, Y]]], [X, [X, Y]]]]]]]"
15,10,5,257.0 / 2235340800,"[X, [X, [X, [X, [X, [X, [[X, Y], [[X, Y], [[X, Y], [[X, Y], Y]]]]]]]]]]"
15,10,5,223.0 / 778377600,"[X, [X, [X, [X, [X, [[X, [[X, Y], [[X, Y], [[X, Y], Y]]]], [X, Y]]]]]]]"
15,9,6,-7811.0 / 104613949440,"[X, [X, [X, [X, [X, [X, [[X, Y], [[X, Y], [[[[X, Y], Y], Y], Y]]]]]]]]]"
15,11,4,893.0 / 17435658240,"[X, [X, [X, [[X, [X, [X, [[X, Y], [[X, Y], Y]]]]], [X, [X, [X, Y]]]]]]]"
15,10,5,71.0 / 1383782400,"[X, [X, [X, [X, [X, [[X, [[X, Y], [[X, Y], Y]]], [X, [[X, Y], Y]]]]]]]]"
15,10,5,8117.0 / 14529715200,"[X, [X, [X, [X, [X, [[[X, [[X, Y], [[X, Y], Y]]], [X, Y]], [X, Y]]]]]]]"
15,9,6,-5143.0 / 261534873600,"[X, [X, [X, [X, [X, [X, [[X, Y], [[[X, Y], Y], [[[X, Y], Y], Y]]]]]]]]]"
15,10,5,131.0 / 2377589760,"[X, [X, [X, [X, [[X, [X, [[X, Y], [[[X, Y], Y], Y]]]], [X, [X, Y]]]]]]]"
15,9,6,17357.0 / 130767436800,"[X, [X, [X, [X, [X, [X, [[[X, Y], [[[X, Y], Y], Y]], [[X, Y], Y]]]]]]]]"
15,9,6,17249.0 / 174356582400,"[X, [X, [X, [X, [X, [[X, [[X, Y], [[[[X, Y], Y], Y], Y]]], [X, Y]]]]]]]"
15,8,7,233.0 / 10378368000,"[X, [X, [X, [X, [X, [X, [[X, Y], [[[[[[X, Y], Y], Y], Y], Y], Y]]]]]]]]"
15,12,3,323.0 / 108972864000,"[X, [[X, [X, [X, [X, [X, [[X, Y], Y]]]]]], [X, [X, [X, [X, [X, Y]]]]]]]"
15,11,4,67.0 / 34871316480,"[X, [X, [[X, [X, [X, [X, [[X, Y], Y]]]]], [X, [X, [X, [[X, Y], Y]]]]]]]"
15,11,4,211.0 / 3487131648,"[X, [X, [X, [[X, [X, [X, [[X, Y], Y]]]], [X, [[X, [X, Y]], [X, Y]]]]]]]"
15,10,5,-43.0 / 2235340800,"[X, [X, [X, [X, [[X, [X, [[X, Y], Y]]], [X, [X, [[[X, Y], Y], Y]]]]]]]]"
15,11,4,7537.0 / 29059430400,"[X, [X, [X, [X, [[[X, [X, [[X, Y], Y]]], [X, [X, Y]]], [X, [X, Y]]]]]]]"
15,10,5,3257.0 / 29059430400,"[X, [X, [X, [X, [[X, [X, [[X, Y], Y]]], [X, [[X, Y], [[X, Y], Y]]]]]]]]"
15,10,5,103.0 / 691891200,"[X, [X, [X, [X, [X, [[X, [[X, Y], Y]], [[X, [[X, Y], Y]], [X, Y]]]]]]]]"
15,9,6,71.0 / 49816166400,"[X, [X, [X, [X, [X, [[X, [[X, Y], Y]], [X, [[[[X, Y], Y], Y], Y]]]]]]]]"
15,11,4,4703.0 / 14529715200,"[X, [X, [X, [[X, [X, [[X, [[X, Y], Y]], [X, Y]]]], [X, [X, [X, Y]]]]]]]"
15,10,5,8191.0 / 14529715200,"[X, [X, [X, [X, [[X, [[X, [[X, Y], Y]], [X, Y]]], [X, [[X, Y], Y]]]]]]]"
15,10,5,2461.0 / 3632428800,"[X, [X, [X, [X, [X, [[[[X, [[X, Y], Y]], [X, Y]], [X, Y]], [X, Y]]]]]]]"
15,9,6,3013.0 / 17435658240,"[X, [X, [X, [X, [X, [[X, [[X, Y], Y]], [[X, Y], [[[X, Y], Y], Y]]]]]]]]"
15,10,5,277.0 / 609638400,"[X, [X, [X, [X, [[X, [[X, [[X, Y], Y]], [[X, Y], Y]]], [X, [X, Y]]]]]]]"
15,9,6,3197.0 / 13412044800,"[X, [X, [X, [X, [X, [[[X, [[X, Y], Y]], [[X, Y], Y]], [[X, Y], Y]]]]]]]"
15,9,6,36353.0 / 87178291200,"[X, [X, [X, [X, [X, [[X, [[[X, Y], Y], [[[X, Y], Y], Y]]], [X, Y]]]]]]]"
15,8,7,463.0 / 8072064000,"[X, [X, [X, [X, [X, [X, [[[X, Y], Y], [[[[[X, Y], Y], Y], Y], Y]]]]]]]]"
15,11,4,1909.0 / 65383718400,"[X, [X, [[X, [X, [X, [X, [[[X, Y], Y], Y]]]]], [X, [X, [X, [X, Y]]]]]]]"
15,10,5,2711.0 / 65383718400,"[X, [X, [X, [[X, [X, [X, [[[X, Y], Y], Y]]]], [X, [X, [[X, Y], Y]]]]]]]"
15,10,5,30827.0 / 130767436800,"[X, [X, [X, [X, [[X, [X, [[[X, Y], Y], Y]]], [[X, [X, Y]], [X, Y]]]]]]]"
15,9,6,14249.0 / 261534873600,"[X, [X, [X, [X, [[X, [X, [[[X, Y], Y], Y]]], [X, [[[X, Y], Y], Y]]]]]]]"
15,10,5,2537.0 / 2971987200,"[X, [X, [X, [X, [[X, [[X, [[[X, Y], Y], Y]], [X, Y]]], [X, [X, Y]]]]]]]"
15,9,6,3139.0 / 7925299200,"[X, [X, [X, [X, [X, [[X, [[[X, Y], Y], Y]], [[X, Y], [[X, Y], Y]]]]]]]]"
15,9,6,54809.0 / 43589145600,"[X, [X, [X, [X, [X, [[[X, [[[X, Y], Y], Y]], [[X, Y], Y]], [X, Y]]]]]]]"
15,8,7,1457.0 / 14529715200,"[X, [X, [X, [X, [X, [X, [[[[X, Y], Y], Y], [[[[X, Y], Y], Y], Y]]]]]]]]"
15,10,5,421.0 / 4086482400,"[X, [X, [X, [[X, [X, [X, [[[[X, Y], Y], Y], Y]]]], [X, [X, [X, Y]]]]]]]"
15,9,6,1949.0 / 13412044800,"[X, [X, [X, [X, [[X, [X, [[[[X, Y], Y], Y], Y]]], [X, [[X, Y], Y]]]]]]]"
15,9,6,82169.0 / 174356582400,"[X, [X, [X, [X, [X, [[[X, [[[[X, Y], Y], Y], Y]], [X, Y]], [X, Y]]]]]]]"
15,8,7,713.0 / 3113510400,"[X, [X, [X, [X, [X, [[X, [[[[X, Y], Y], Y], Y]], [[[X, Y], Y], Y]]]]]]]"
15,9,6,64109.0 / 435891456000,"[X, [X, [X, [X, [[X, [X, [[[[[X, Y], Y], Y], Y], Y]]], [X, [X, Y]]]]]]]"
15,8,7,17.0 / 94348800,"[X, [X, [X, [X, [X, [[X, [[[[[X, Y], Y], Y], Y], Y]], [[X, Y], Y]]]]]]]"
15,8,7,73.0 / 778377600,"[X, [X, [X, [X, [X, [[X, [[[[[[X, Y], Y], Y], Y], Y], Y]], [X, Y]]]]]]]"
15,7,8,29.0 / 6810804000,"[X, [X, [X, [X, [X, [X, [[[[[[[[X, Y], Y], Y], Y], Y], Y], Y], Y]]]]]]]"
15,12,3,1.0 / 821145600,"[[X, [X, [X, [X, [X, [X, Y]]]]]], [X, [X, [X, [X, [X, [[X, Y], Y]]]]]]]"
15,12,3,103.0 / 10461394944,"[X, [[X, [X, [X, [X, [X, Y]]]]], [X, [X, [X, [[X, [X, Y]], [X, Y]]]]]]]"
15,11,4,18133.0 / 1307674368000,"[X, [[X, [X, [X, [X, [X, Y]]]]], [X, [X, [X, [X, [[[X, Y], Y], Y]]]]]]]"
15,12,3,6329.0 / 217945728000,"[X, [X, [[X, [X, [X, [X, Y]]]], [X, [[X, [X, [X, Y]]], [X, [X, Y]]]]]]]"
15,11,4,29.0 / 1111968000,"[X, [X, [[X, [X, [X, [X, Y]]]], [X, [X, [X, [[X, Y], [[X, Y], Y]]]]]]]]"
15,11,4,1097.0 / 5588352000,"[X, [X, [[X, [X, [X, [X, Y]]]], [X, [X, [[X, [[X, Y], Y]], [X, Y]]]]]]]"
15,10,5,23437.0 / 348713164800,"[X, [X, [[X, [X, [X, [X, Y]]]], [X, [X, [X, [[[[X, Y], Y], Y], Y]]]]]]]"
15,12,3,-145.0 / 5230697472,"[X, [X, [[[X, [X, [X, [X, Y]]]], [X, [X, [X, Y]]]], [X, [X, [X, Y]]]]]]"
15,11,4,-1373.0 / 62270208000,"[X, [X, [X, [[X, [X, [X, Y]]], [X, [[X, [X, Y]], [X, [[X, Y], Y]]]]]]]]"
15,11,4,48233.0 / 217945728000,"[X, [X, [X, [[X, [X, [X, Y]]], [X, [[[X, [X, Y]], [X, Y]], [X, Y]]]]]]]"
15,10,5,-23.0 / 17435658240,"[X, [X, [X, [[X, [X, [X, Y]]], [X, [X, [[X, Y], [[[X, Y], Y], Y]]]]]]]]"
15,11,4,461.0 / 1513512000,"[X, [X, [X, [[X, [X, [X, Y]]], [[X, [X, [[X, Y], Y]]], [X, [X, Y]]]]]]]"
15,10,5,19841.0 / 58118860800,"[X, [X, [X, [[X, [X, [X, Y]]], [X, [[X, [[X, Y], Y]], [[X, Y], Y]]]]]]]"
15,10,5,29819.0 / 43589145600,"[X, [X, [X, [[X, [X, [X, Y]]], [X, [[X, [[[X, Y], Y], Y]], [X, Y]]]]]]]"
15,9,6,169063.0 / 1307674368000,"[X, [X, [X, [[X, [X, [X, Y]]], [X, [X, [[[[[X, Y], Y], Y], Y], Y]]]]]]]"
15,12,3,-2347.0 / 87178291200,"[X, [[X, [X, [[X, [X, [X, Y]]], [X, [X, Y]]]]], [X, [X, [X, [X, Y]]]]]]"
15,11,4,299.0 / 6706022400,"[X, [X, [X, [[[X, [X, [X, Y]]], [X, [X, Y]]], [X, [X, [[X, Y], Y]]]]]]]"
15,11,4,-18829.0 / 108972864000,"[X, [X, [X, [X, [[X, [X, Y]], [[X, [X, Y]], [[X, [X, Y]], [X, Y]]]]]]]]"
15,10,5,-10739.0 / 87178291200,"[X, [X, [X, [X, [[X, [X, Y]], [[X, [X, Y]], [X, [[[X, Y], Y], Y]]]]]]]]"
15,11,4,-10447.0 / 54486432000,"[X, [X, [X, [[X, [[X, [X, Y]], [[X, [X, Y]], [X, Y]]]], [X, [X, Y]]]]]]"
15,10,5,12809.0 / 87178291200,"[X, [X, [X, [X, [[X, [X, Y]], [X, [[X, Y], [[X, Y], [[X, Y], Y]]]]]]]]]"
15,10,5,379.0 / 830269440,"[X, [X, [X, [X, [[X, [X, Y]], [[X, [[X, Y], [[X, Y], Y]]], [X, Y]]]]]]]"
15,9,6,-691.0 / 130767436800,"[X, [X, [X, [X, [[X, [X, Y]], [X, [[X, Y], [[[[X, Y], Y], Y], Y]]]]]]]]"
15,11,4,8117.0 / 217945728000,"[X, [X, [[X, [X, [[X, [X, Y]], [X, [[X, Y], Y]]]]], [X, [X, [X, Y]]]]]]"
15,10,5,3019.0 / 19372953600,"[X, [X, [X, [X, [[[X, [X, Y]], [X, [[X, Y], Y]]], [X, [[X, Y], Y]]]]]]]"
15,10,5,4141.0 / 3228825600,"[X, [X, [X, [X, [[X, [X, Y]], [[[X, [[X, Y], Y]], [X, Y]], [X, Y]]]]]]]"
15,9,6,1697.0 / 6538371840,"[X, [X, [X, [X, [[X, [X, Y]], [X, [[[X, Y], Y], [[[X, Y], Y], Y]]]]]]]]"
15,10,5,11161.0 / 29059430400,"[X, [X, [X, [[X, [[X, [X, Y]], [X, [[[X, Y], Y], Y]]]], [X, [X, Y]]]]]]"
15,9,6,65041.0 / 65383718400,"[X, [X, [X, [X, [[X, [X, Y]], [[X, [[[X, Y], Y], Y]], [[X, Y], Y]]]]]]]"
15,9,6,4981.0 / 5943974400,"[X, [X, [X, [X, [[X, [X, Y]], [[X, [[[[X, Y], Y], Y], Y]], [X, Y]]]]]]]"
15,8,7,6049.0 / 62270208000,"[X, [X, [X, [X, [[X, [X, Y]], [X, [[[[[[X, Y], Y], Y], Y], Y], Y]]]]]]]"
15,12,3,-4567.0 / 1307674368000,"[[X, [X, [X, [X, [[X, [X, Y]], [X, Y]]]]]], [X, [X, [X, [X, [X, Y]]]]]]"
15,11,4,71.0 / 6706022400,"[X, [X, [[X, [X, [[X, [X, Y]], [X, Y]]]], [X, [X, [X, [[X, Y], Y]]]]]]]"
15,11,4,-1763.0 / 21794572800,"[X, [X, [[X, [X, [[X, [X, Y]], [X, Y]]]], [X, [[X, [X, Y]], [X, Y]]]]]]"
15,10,5,227.0 / 2335132800,"[X, [X, [X, [[X, [[X, [X, Y]], [X, Y]]], [X, [X, [[[X, Y], Y], Y]]]]]]]"
15,11,4,-187.0 / 198132480,"[X, [X, [X, [[[X, [[X, [X, Y]], [X, Y]]], [X, [X, Y]]], [X, [X, Y]]]]]]"
15,10,5,-7003.0 / 43589145600,"[X, [X, [X, [X, [[[X, [X, Y]], [X, Y]], [X, [[X, Y], [[X, Y], Y]]]]]]]]"
15,10,5,587.0 / 3113510400,"[X, [X, [X, [X, [[[X, [X, Y]], [X, Y]], [[X, [[X, Y], Y]], [X, Y]]]]]]]"
15,9,6,25931.0 / 87178291200,"[X, [X, [X, [X, [[[X, [X, Y]], [X, Y]], [X, [[[[X, Y], Y], Y], Y]]]]]]]"
15,11,4,-37441.0 / 108972864000,"[X, [X, [[X, [X, [[[X, [X, Y]], [X, Y]], [X, Y]]]], [X, [X, [X, Y]]]]]]"
15,10,5,-449.0 / 968647680,"[X, [X, [X, [X, [[[[X, [X, Y]], [X, Y]], [X, Y]], [X, [[X, Y], Y]]]]]]]"
15,10,5,-1403.0 / 3353011200,"[X, [X, [X, [X, [[[[[X, [X, Y]], [X, Y]], [X, Y]], [X, Y]], [X, Y]]]]]]"
15,9,6,-29587.0 / 130767436800,"[X, [X, [X, [X, [X, [[X, Y], [[X, Y], [[X, Y], [[[X, Y], Y], Y]]]]]]]]]"
15,10,5,-4027.0 / 5811886080,"[X, [X, [X, [[X, [X, [[X, Y], [[X, Y], [[X, Y], Y]]]]], [X, [X, Y]]]]]]"
15,9,6,-21943.0 / 87178291200,"[X, [X, [X, [X, [X, [[X, Y], [[[X, Y], [[X, Y], Y]], [[X, Y], Y]]]]]]]]"
15,9,6,-11927.0 / 16345929600,"[X, [X, [X, [X, [[X, [[X, Y], [[X, Y], [[[X, Y], Y], Y]]]], [X, Y]]]]]]"
15,8,7,1103.0 / 72648576000,"[X, [X, [X, [X, [X, [[X, Y], [[X, Y], [[[[[X, Y], Y], Y], Y], Y]]]]]]]]"
15,11,4,-2159.0 / 145297152000,"[X, [[X, [X, [X, [X, [[X, Y], [[X, Y], Y]]]]]], [X, [X, [X, [X, Y]]]]]]"
15,10,5,-547.0 / 43589145600,"[X, [X, [X, [[X, [X, [[X, Y], [[X, Y], Y]]]], [X, [X, [[X, Y], Y]]]]]]]"
15,10,5,-17.0 / 41513472,"[X, [X, [X, [[X, [X, [[X, Y], [[X, Y], Y]]]], [[X, [X, Y]], [X, Y]]]]]]"
15,9,6,503.0 / 3962649600,"[X, [X, [X, [X, [[X, [[X, Y], [[X, Y], Y]]], [X, [[[X, Y], Y], Y]]]]]]]"
15,10,5,-9673.0 / 5811886080,"[X, [X, [X, [[X, [[X, [[X, Y], [[X, Y], Y]]], [X, Y]]], [X, [X, Y]]]]]]"
15,9,6,-2887.0 / 5811886080,"[X, [X, [X, [X, [[X, [[X, Y], [[X, Y], Y]]], [[X, Y], [[X, Y], Y]]]]]]]"
15,9,6,-1363.0 / 3113510400,"[X, [X, [X, [X, [[X, [[[X, Y], [[X, Y], Y]], [[X, Y], Y]]], [X, Y]]]]]]"
15,8,7,211.0 / 3487131648,"[X, [X, [X, [X, [X, [[X, Y], [[[X, Y], Y], [[[[X, Y], Y], Y], Y]]]]]]]]"
15,10,5,10679.0 / 261534873600,"[X, [X, [[X, [X, [X, [[X, Y], [[[X, Y], Y], Y]]]]], [X, [X, [X, Y]]]]]]"
15,9,6,5477.0 / 43589145600,"[X, [X, [X, [X, [[X, [[X, Y], [[[X, Y], Y], Y]]], [X, [[X, Y], Y]]]]]]]"
15,9,6,-1363.0 / 3113510400,"[X, [X, [X, [X, [[[X, [[X, Y], [[[X, Y], Y], Y]]], [X, Y]], [X, Y]]]]]]"
15,8,7,1321.0 / 7264857600,"[X, [X, [X, [X, [X, [[[X, Y], [[[X, Y], Y], Y]], [[[X, Y], Y], Y]]]]]]]"
15,9,6,9613.0 / 37362124800,"[X, [X, [X, [[X, [X, [[X, Y], [[[[X, Y], Y], Y], Y]]]], [X, [X, Y]]]]]]"
15,8,7,16537.0 / 43589145600,"[X, [X, [X, [X, [X, [[[X, Y], [[[[X, Y], Y], Y], Y]], [[X, Y], Y]]]]]]]"
15,8,7,22079.0 / 72648576000,"[X, [X, [X, [X, [[X, [[X, Y], [[[[[X, Y], Y], Y], Y], Y]]], [X, Y]]]]]]"
15,7,8,5821.0 / 217945728000,"[X, [X, [X, [X, [X, [[X, Y], [[[[[[[X, Y], Y], Y], Y], Y], Y], Y]]]]]]]"
15,11,4,631.0 / 290594304000,"[[X, [X, [X, [X, [X, [[X, Y], Y]]]]]], [X, [X, [X, [X, [[X, Y], Y]]]]]]"
15,11,4,-877.0 / 435891456000,"[X, [[X, [X, [X, [X, [[X, Y], Y]]]]], [X, [X, [[X, [X, Y]], [X, Y]]]]]]"
15,10,5,6827.0 / 523069747200,"[X, [X, [[X, [X, [X, [[X, Y], Y]]]], [X, [X, [X, [[[X, Y], Y], Y]]]]]]]"
15,11,4,-211.0 / 2018016000,"[X, [X, [[X, [X, [X, [[X, Y], Y]]]], [[X, [X, [X, Y]]], [X, [X, Y]]]]]]"
15,10,5,-4813.0 / 174356582400,"[X, [X, [[X, [X, [X, [[X, Y], Y]]]], [X, [X, [[X, Y], [[X, Y], Y]]]]]]]"
15,10,5,1373.0 / 12454041600,"[X, [X, [X, [[X, [X, [[X, Y], Y]]], [X, [[X, [[X, Y], Y]], [X, Y]]]]]]]"
15,9,6,5833.0 / 74724249600,"[X, [X, [X, [[X, [X, [[X, Y], Y]]], [X, [X, [[[[X, Y], Y], Y], Y]]]]]]]"
15,11,4,-9221.0 / 19813248000,"[X, [X, [[X, [[X, [X, [[X, Y], Y]]], [X, [X, Y]]]], [X, [X, [X, Y]]]]]]"
15,10,5,-3749.0 / 24908083200,"[X, [X, [X, [[X, [X, [[X, Y], Y]]], [[X, [X, Y]], [X, [[X, Y], Y]]]]]]]"
15,10,5,-12349.0 / 17435658240,"[X, [X, [X, [[X, [X, [[X, Y], Y]]], [[[X, [X, Y]], [X, Y]], [X, Y]]]]]]"
15,9,6,-193.0 / 26153487360,"[X, [X, [X, [[X, [X, [[X, Y], Y]]], [X, [[X, Y], [[[X, Y], Y], Y]]]]]]]"
15,10,5,-32533.0 / 58118860800,"[X, [X, [X, [[[X, [X, [[X, Y], Y]]], [X, [[X, Y], Y]]], [X, [X, Y]]]]]]"
15,9,6,487.0 / 3962649600,"[X, [X, [X, [X, [[X, [[X, Y], Y]], [[X, [[X, Y], Y]], [[X, Y], Y]]]]]]]"
15,9,6,24769.0 / 65383718400,"[X, [X, [X, [X, [[X, [[X, Y], Y]], [[X, [[[X, Y], Y], Y]], [X, Y]]]]]]]"
15,8,7,6313.0 / 48432384000,"[X, [X, [X, [X, [[X, [[X, Y], Y]], [X, [[[[[X, Y], Y], Y], Y], Y]]]]]]]"
15,11,4,-4441.0 / 31135104000,"[X, [[X, [X, [X, [[X, [[X, Y], Y]], [X, Y]]]]], [X, [X, [X, [X, Y]]]]]]"
15,10,5,-16453.0 / 87178291200,"[X, [X, [[X, [X, [[X, [[X, Y], Y]], [X, Y]]]], [X, [X, [[X, Y], Y]]]]]]"
15,10,5,-19.0 / 8553600,"[X, [X, [X, [[X, [[X, [[X, Y], Y]], [X, Y]]], [[X, [X, Y]], [X, Y]]]]]]"
15,9,6,-1061.0 / 7264857600,"[X, [X, [X, [X, [[[X, [[X, Y], Y]], [X, Y]], [X, [[[X, Y], Y], Y]]]]]]]"
15,10,5,-130213.0 / 29059430400,"[X, [X, [X, [[X, [[[X, [[X, Y], Y]], [X, Y]], [X, Y]]], [X, [X, Y]]]]]]"
15,9,6,-34369.0 / 21794572800,"[X, [X, [X, [X, [[X, [[X, Y], Y]], [[X, Y], [[X, Y], [[X, Y], Y]]]]]]]]"
15,9,6,-34403.0 / 7264857600,"[X, [X, [X, [X, [[[X, [[X, Y], Y]], [[X, Y], [[X, Y], Y]]], [X, Y]]]]]]"
15,8,7,461.0 / 3487131648,"[X, [X, [X, [X, [[X, [[X, Y], Y]], [[X, Y], [[[[X, Y], Y], Y], Y]]]]]]]"
15,10,5,-81233.0 / 174356582400,"[X, [X, [[X, [X, [[X, [[X, Y], Y]], [[X, Y], Y]]]], [X, [X, [X, Y]]]]]]"
15,9,6,-4937.0 / 6706022400,"[X, [X, [X, [[X, [[X, [[X, Y], Y]], [[X, Y], Y]]], [X, [[X, Y], Y]]]]]]"
15,9,6,-65623.0 / 14529715200,"[X, [X, [X, [X, [[[[X, [[X, Y], Y]], [[X, Y], Y]], [X, Y]], [X, Y]]]]]]"
15,8,7,-6397.0 / 14529715200,"[X, [X, [X, [X, [X, [[[X, Y], Y], [[[X, Y], Y], [[[X, Y], Y], Y]]]]]]]]"
15,9,6,-5657.0 / 10059033600,"[X, [X, [X, [[X, [X, [[[X, Y], Y], [[[X, Y], Y], Y]]]], [X, [X, Y]]]]]]"
15,8,7,-16949.0 / 14529715200,"[X, [X, [X, [X, [[X, [[[X, Y], Y], [[[X, Y], Y], Y]]], [[X, Y], Y]]]]]]"
15,8,7,-15287.0 / 87178291200,"[X, [X, [X, [X, [[X, [[[X, Y], Y], [[[[X, Y], Y], Y], Y]]], [X, Y]]]]]]"
15,7,8,233.0 / 4790016000,"[X, [X, [X, [X, [X, [[[X, Y], Y], [[[[[[X, Y], Y], Y], Y], Y], Y]]]]]]]"
15,11,4,-1.0 / 205286400,"[[X, [X, [X, [X, [X, [[[X, Y], Y], Y]]]]]], [X, [X, [X, [X, [X, Y]]]]]]"
15,10,5,163.0 / 26153487360,"[X, [[X, [X, [X, [X, [[[X, Y], Y], Y]]]]], [X, [X, [X, [[X, Y], Y]]]]]]"
15,10,5,-2347.0 / 20118067200,"[X, [X, [[X, [X, [X, [[[X, Y], Y], Y]]]], [X, [[X, [X, Y]], [X, Y]]]]]]"
15,9,6,-4937.0 / 392302310400,"[X, [X, [[X, [X, [X, [[[X, Y], Y], Y]]]], [X, [X, [[[X, Y], Y], Y]]]]]]"
15,10,5,-397.0 / 447068160,"[X, [X, [X, [[[X, [X, [[[X, Y], Y], Y]]], [X, [X, Y]]], [X, [X, Y]]]]]]"
15,9,6,-37157.0 / 130767436800,"[X, [X, [X, [[X, [X, [[[X, Y], Y], Y]]], [X, [[X, Y], [[X, Y], Y]]]]]]]"
15,9,6,-901.0 / 849139200,"[X, [X, [X, [[X, [X, [[[X, Y], Y], Y]]], [[X, [[X, Y], Y]], [X, Y]]]]]]"
15,8,7,113.0 / 6706022400,"[X, [X, [X, [X, [[X, [[[X, Y], Y], Y]], [X, [[[[X, Y], Y], Y], Y]]]]]]]"
15,10,5,-127189.0 / 130767436800,"[X, [X, [[X, [X, [[X, [[[X, Y], Y], Y]], [X, Y]]]], [X, [X, [X, Y]]]]]]"
15,9,6,-95789.0 / 65383718400,"[X, [X, [X, [[X, [[X, [[[X, Y], Y], Y]], [X, Y]]], [X, [[X, Y], Y]]]]]]"
15,9,6,-2927.0 / 1021620600,"[X, [X, [X, [X, [[[[X, [[[X, Y], Y], Y]], [X, Y]], [X, Y]], [X, Y]]]]]]"
15,8,7,-1093.0 / 1981324800,"[X, [X, [X, [X, [[X, [[[X, Y], Y], Y]], [[X, Y], [[[X, Y], Y], Y]]]]]]]"
15,9,6,-183017.0 / 65383718400,"[X, [X, [X, [[X, [[X, [[[X, Y], Y], Y]], [[X, Y], Y]]], [X, [X, Y]]]]]]"
15,8,7,-14159.0 / 6227020800,"[X, [X, [X, [X, [[[X, [[[X, Y], Y], Y]], [[X, Y], Y]], [[X, Y], Y]]]]]]"
15,8,7,-2903.0 / 1452971520,"[X, [X, [X, [X, [[[X, [[[X, Y], Y], Y]], [[[X, Y], Y], Y]], [X, Y]]]]]]"
15,7,8,-191.0 / 6227020800,"[X, [X, [X, [X, [X, [[[[X, Y], Y], Y], [[[[[X, Y], Y], Y], Y], Y]]]]]]]"
15,10,5,-41.0 / 817296480,"[X, [[X, [X, [X, [X, [[[[X, Y], Y], Y], Y]]]]], [X, [X, [X, [X, Y]]]]]]"
15,9,6,-13337.0 / 261534873600,"[X, [X, [[X, [X, [X, [[[[X, Y], Y], Y], Y]]]], [X, [X, [[X, Y], Y]]]]]]"
15,9,6,-159917.0 / 261534873600,"[X, [X, [X, [[X, [X, [[[[X, Y], Y], Y], Y]]], [[X, [X, Y]], [X, Y]]]]]]"
15,8,7,-563.0 / 3113510400,"[X, [X, [X, [[X, [X, [[[[X, Y], Y], Y], Y]]], [X, [[[X, Y], Y], Y]]]]]]"
15,9,6,-331553.0 / 130767436800,"[X, [X, [X, [[X, [[X, [[[[X, Y], Y], Y], Y]], [X, Y]]], [X, [X, Y]]]]]]"
15,8,7,-108079.0 / 87178291200,"[X, [X, [X, [X, [[X, [[[[X, Y], Y], Y], Y]], [[X, Y], [[X, Y], Y]]]]]]]"
15,8,7,-164459.0 / 43589145600,"[X, [X, [X, [X, [[[X, [[[[X, Y], Y], Y], Y]], [[X, Y], Y]], [X, Y]]]]]]"
15,7,8,-437.0 / 1660538880,"[X, [X, [X, [X, [[X, [[[[X, Y], Y], Y], Y]], [[[[X, Y], Y], Y], Y]]]]]]"
15,9,6,-122597.0 / 653837184000,"[X, [X, [[X, [X, [X, [[[[[X, Y], Y], Y], Y], Y]]]], [X, [X, [X, Y]]]]]]"
15,8,7,-1301.0 / 5189184000,"[X, [X, [X, [[X, [X, [[[[[X, Y], Y], Y], Y], Y]]], [X, [[X, Y], Y]]]]]]"
15,8,7,-11359.0 / 8072064000,"[X, [X, [X, [X, [[[X, [[[[[X, Y], Y], Y], Y], Y]], [X, Y]], [X, Y]]]]]]"
15,7,8,-599.0 / 1197504000,"[X, [X, [X, [X, [[X, [[[[[X, Y], Y], Y], Y], Y]], [[[X, Y], Y], Y]]]]]]"
15,8,7,-167.0 / 555984000,"[X, [X, [X, [[X, [X, [[[[[[X, Y], Y], Y], Y], Y], Y]]], [X, [X, Y]]]]]]"
15,7,8,-4097.0 / 10378368000,"[X, [X, [X, [X, [[X, [[[[[[X, Y], Y], Y], Y], Y], Y]], [[X, Y], Y]]]]]]"
15,7,8,-23887.0 / 108972864000,"[X, [X, [X, [X, [[X, [[[[[[[X, Y], Y], Y], Y], Y], Y], Y]], [X, Y]]]]]]"
15,6,9,-449.0 / 49037788800,"[X, [X, [X, [X, [X, [[[[[[[[[X, Y], Y], Y], Y], Y], Y], Y], Y], Y]]]]]]"
15,12,3,-2539.0 / 435891456000,"[[X, [X, [X, [X, [X, Y]]]]], [X, [X, [[X, [X, [X, Y]]], [X, [X, Y]]]]]]"
15,11,4,-23.0 / 13621608000,"[[X, [X, [X, [X, [X, Y]]]]], [X, [X, [X, [X, [[X, Y], [[X, Y], Y]]]]]]]"
15,11,4,-1307.0 / 36324288000,"[[X, [X, [X, [X, [X, Y]]]]], [X, [X, [X, [[X, [[X, Y], Y]], [X, Y]]]]]]"
15,10,5,-1.0 / 74649600,"[[X, [X, [X, [X, [X, Y]]]]], [X, [X, [X, [X, [[[[X, Y], Y], Y], Y]]]]]]"
15,12,3,-577.0 / 36324288000,"[X, [[X, [X, [X, [X, Y]]]], [[X, [X, [X, [X, Y]]]], [X, [X, [X, Y]]]]]]"
15,11,4,899.0 / 31135104000,"[X, [[X, [X, [X, [X, Y]]]], [X, [X, [[X, [X, Y]], [X, [[X, Y], Y]]]]]]]"
15,11,4,-3011.0 / 19813248000,"[X, [[X, [X, [X, [X, Y]]]], [X, [X, [[[X, [X, Y]], [X, Y]], [X, Y]]]]]]"
15,10,5,7.0 / 205286400,"[X, [[X, [X, [X, [X, Y]]]], [X, [X, [X, [[X, Y], [[[X, Y], Y], Y]]]]]]]"
15,11,4,-199.0 / 990662400,"[X, [[X, [X, [X, [X, Y]]]], [X, [[X, [X, [[X, Y], Y]]], [X, [X, Y]]]]]]"
15,10,5,-4561.0 / 21794572800,"[X, [[X, [X, [X, [X, Y]]]], [X, [X, [[X, [[X, Y], Y]], [[X, Y], Y]]]]]]"
15,10,5,-5381.0 / 11887948800,"[X, [[X, [X, [X, [X, Y]]]], [X, [X, [[X, [[[X, Y], Y], Y]], [X, Y]]]]]]"
15,9,6,-47119.0 / 523069747200,"[X, [[X, [X, [X, [X, Y]]]], [X, [X, [X, [[[[[X, Y], Y], Y], Y], Y]]]]]]"
15,12,3,229.0 / 31135104000,"[[X, [[X, [X, [X, [X, Y]]]], [X, [X, [X, Y]]]]], [X, [X, [X, [X, Y]]]]]"
15,11,4,3349.0 / 24216192000,"[X, [X, [[X, [X, [X, Y]]], [[X, [X, [X, Y]]], [X, [X, [[X, Y], Y]]]]]]]"
15,11,4,13.0 / 465696000,"[X, [X, [[X, [X, [X, Y]]], [X, [[X, [X, Y]], [[X, [X, Y]], [X, Y]]]]]]]"
15,10,5,5477.0 / 17435658240,"[X, [X, [[X, [X, [X, Y]]], [X, [[X, [X, Y]], [X, [[[X, Y], Y], Y]]]]]]]"
15,11,4,-491.0 / 581188608,"[X, [X, [[X, [X, [X, Y]]], [[X, [[X, [X, Y]], [X, Y]]], [X, [X, Y]]]]]]"
15,10,5,-4111.0 / 9686476800,"[X, [X, [[X, [X, [X, Y]]], [X, [X, [[X, Y], [[X, Y], [[X, Y], Y]]]]]]]]"
15,10,5,-25771.0 / 29059430400,"[X, [X, [[X, [X, [X, Y]]], [X, [[X, [[X, Y], [[X, Y], Y]]], [X, Y]]]]]]"
15,9,6,37907.0 / 174356582400,"[X, [X, [[X, [X, [X, Y]]], [X, [X, [[X, Y], [[[[X, Y], Y], Y], Y]]]]]]]"
15,11,4,-41.0 / 404352000,"[X, [[X, [[X, [X, [X, Y]]], [X, [X, [[X, Y], Y]]]]], [X, [X, [X, Y]]]]]"
15,10,5,-5741.0 / 19372953600,"[X, [X, [[X, [X, [X, Y]]], [[X, [X, [[X, Y], Y]]], [X, [[X, Y], Y]]]]]]"
15,10,5,-26309.0 / 9686476800,"[X, [X, [[X, [X, [X, Y]]], [X, [[[X, [[X, Y], Y]], [X, Y]], [X, Y]]]]]]"
15,9,6,-2407.0 / 7925299200,"[X, [X, [[X, [X, [X, Y]]], [X, [X, [[[X, Y], Y], [[[X, Y], Y], Y]]]]]]]"
15,10,5,-22969.0 / 21794572800,"[X, [X, [[X, [X, [X, Y]]], [[X, [X, [[[X, Y], Y], Y]]], [X, [X, Y]]]]]]"
15,9,6,-25343.0 / 14529715200,"[X, [X, [[X, [X, [X, Y]]], [X, [[X, [[[X, Y], Y], Y]], [[X, Y], Y]]]]]]"
15,9,6,-47647.0 / 29059430400,"[X, [X, [[X, [X, [X, Y]]], [X, [[X, [[[[X, Y], Y], Y], Y]], [X, Y]]]]]]"
15,8,7,-283.0 / 1415232000,"[X, [X, [[X, [X, [X, Y]]], [X, [X, [[[[[[X, Y], Y], Y], Y], Y], Y]]]]]]"
15,11,4,-2021.0 / 72648576000,"[X, [[X, [[X, [X, [X, Y]]], [X, [X, Y]]]], [X, [X, [X, [[X, Y], Y]]]]]]"
15,11,4,-173.0 / 2905943040,"[X, [X, [[[X, [X, [X, Y]]], [X, [X, Y]]], [X, [[X, [X, Y]], [X, Y]]]]]]"
15,10,5,-4001.0 / 12454041600,"[X, [X, [[[X, [X, [X, Y]]], [X, [X, Y]]], [X, [X, [[[X, Y], Y], Y]]]]]]"
15,11,4,3517.0 / 14529715200,"[X, [X, [[[[X, [X, [X, Y]]], [X, [X, Y]]], [X, [X, Y]]], [X, [X, Y]]]]]"
15,10,5,29.0 / 115315200,"[X, [X, [X, [[X, [X, Y]], [[X, [X, Y]], [X, [[X, Y], [[X, Y], Y]]]]]]]]"
15,10,5,14081.0 / 7264857600,"[X, [X, [X, [[X, [X, Y]], [[X, [X, Y]], [[X, [[X, Y], Y]], [X, Y]]]]]]]"
15,9,6,9043.0 / 13412044800,"[X, [X, [X, [[X, [X, Y]], [[X, [X, Y]], [X, [[[[X, Y], Y], Y], Y]]]]]]]"
15,11,4,179.0 / 54486432000,"[X, [[X, [X, [[X, [X, Y]], [[X, [X, Y]], [X, Y]]]]], [X, [X, [X, Y]]]]]"
15,10,5,-1.0 / 90810720,"[X, [X, [X, [[X, [X, Y]], [[[X, [X, Y]], [X, Y]], [X, [[X, Y], Y]]]]]]]"
15,10,5,-7781.0 / 7264857600,"[X, [X, [X, [[X, [X, Y]], [[[[X, [X, Y]], [X, Y]], [X, Y]], [X, Y]]]]]]"
15,9,6,-69689.0 / 130767436800,"[X, [X, [X, [[X, [X, Y]], [X, [[X, Y], [[X, Y], [[[X, Y], Y], Y]]]]]]]]"
15,10,5,1.0 / 39916800,"[X, [X, [[X, [[X, [X, Y]], [X, [[X, Y], [[X, Y], Y]]]]], [X, [X, Y]]]]]"
15,9,6,1259.0 / 17435658240,"[X, [X, [X, [[X, [X, Y]], [X, [[[X, Y], [[X, Y], Y]], [[X, Y], Y]]]]]]]"
15,9,6,1259.0 / 8717829120,"[X, [X, [X, [[X, [X, Y]], [[X, [[X, Y], [[[X, Y], Y], Y]]], [X, Y]]]]]]"
15,8,7,1153.0 / 3302208000,"[X, [X, [X, [[X, [X, Y]], [X, [[X, Y], [[[[[X, Y], Y], Y], Y], Y]]]]]]]"
15,11,4,-1.0 / 79252992,"[[X, [X, [X, [[X, [X, Y]], [X, [[X, Y], Y]]]]]], [X, [X, [X, [X, Y]]]]]"
15,10,5,-101.0 / 1186099200,"[X, [X, [[X, [[X, [X, Y]], [X, [[X, Y], Y]]]], [X, [X, [[X, Y], Y]]]]]]"
15,10,5,-22753.0 / 21794572800,"[X, [X, [X, [[[X, [X, Y]], [X, [[X, Y], Y]]], [[X, [X, Y]], [X, Y]]]]]]"
15,9,6,181.0 / 1162377216,"[X, [X, [X, [[X, [X, Y]], [[X, [[X, Y], Y]], [X, [[[X, Y], Y], Y]]]]]]]"
15,10,5,-17203.0 / 7264857600,"[X, [X, [[X, [[X, [X, Y]], [[X, [[X, Y], Y]], [X, Y]]]], [X, [X, Y]]]]]"
15,9,6,-11119.0 / 4151347200,"[X, [X, [X, [[X, [X, Y]], [[X, [[X, Y], Y]], [[X, Y], [[X, Y], Y]]]]]]]"
15,9,6,-169241.0 / 29059430400,"[X, [X, [X, [[X, [X, Y]], [[[X, [[X, Y], Y]], [[X, Y], Y]], [X, Y]]]]]]"
15,8,7,2533.0 / 43589145600,"[X, [X, [X, [[X, [X, Y]], [X, [[[X, Y], Y], [[[[X, Y], Y], Y], Y]]]]]]]"
15,10,5,-23.0 / 85135050,"[X, [[X, [X, [[X, [X, Y]], [X, [[[X, Y], Y], Y]]]]], [X, [X, [X, Y]]]]]"
15,9,6,-8681.0 / 8717829120,"[X, [X, [X, [[[X, [X, Y]], [X, [[[X, Y], Y], Y]]], [X, [[X, Y], Y]]]]]]"
15,9,6,-257009.0 / 43589145600,"[X, [X, [X, [[X, [X, Y]], [[[X, [[[X, Y], Y], Y]], [X, Y]], [X, Y]]]]]]"
15,8,7,-5197.0 / 3632428800,"[X, [X, [X, [[X, [X, Y]], [[X, [[[X, Y], Y], Y]], [[[X, Y], Y], Y]]]]]]"
15,9,6,-202771.0 / 174356582400,"[X, [X, [[X, [[X, [X, Y]], [X, [[[[X, Y], Y], Y], Y]]]], [X, [X, Y]]]]]"
15,8,7,-60563.0 / 21794572800,"[X, [X, [X, [[X, [X, Y]], [[X, [[[[X, Y], Y], Y], Y]], [[X, Y], Y]]]]]]"
15,8,7,-31.0 / 14112000,"[X, [X, [X, [[X, [X, Y]], [[X, [[[[[X, Y], Y], Y], Y], Y]], [X, Y]]]]]]"
15,7,8,-19661.0 / 108972864000,"[X, [X, [X, [[X, [X, Y]], [X, [[[[[[[X, Y], Y], Y], Y], Y], Y], Y]]]]]]"
15,11,4,-83.0 / 10897286400,"[[X, [X, [X, [[X, [X, Y]], [X, Y]]]]], [X, [X, [X, [X, [[X, Y], Y]]]]]]"
15,11,4,17.0 / 2270268000,"[[X, [X, [X, [[X, [X, Y]], [X, Y]]]]], [X, [X, [[X, [X, Y]], [X, Y]]]]]"
15,10,5,-829.0 / 32691859200,"[X, [[X, [X, [[X, [X, Y]], [X, Y]]]], [X, [X, [X, [[[X, Y], Y], Y]]]]]]"
15,11,4,12227.0 / 72648576000,"[X, [[X, [X, [[X, [X, Y]], [X, Y]]]], [[X, [X, [X, Y]]], [X, [X, Y]]]]]"
15,10,5,-529.0 / 87178291200,"[X, [X, [[X, [[X, [X, Y]], [X, Y]]], [X, [X, [[X, Y], [[X, Y], Y]]]]]]]"
15,10,5,-2267.0 / 3962649600,"[X, [X, [[X, [[X, [X, Y]], [X, Y]]], [X, [[X, [[X, Y], Y]], [X, Y]]]]]]"
15,9,6,-3217.0 / 11887948800,"[X, [X, [[X, [[X, [X, Y]], [X, Y]]], [X, [X, [[[[X, Y], Y], Y], Y]]]]]]"
15,11,4,31319.0 / 43589145600,"[X, [[X, [[X, [[X, [X, Y]], [X, Y]]], [X, [X, Y]]]], [X, [X, [X, Y]]]]]"
15,10,5,1357.0 / 9686476800,"[X, [X, [[X, [[X, [X, Y]], [X, Y]]], [[X, [X, Y]], [X, [[X, Y], Y]]]]]]"
15,10,5,-19.0 / 88058880,"[X, [X, [X, [[[X, [X, Y]], [X, Y]], [[[X, [X, Y]], [X, Y]], [X, Y]]]]]]"
15,9,6,30139.0 / 65383718400,"[X, [X, [X, [[[X, [X, Y]], [X, Y]], [X, [[X, Y], [[[X, Y], Y], Y]]]]]]]"
15,10,5,7151.0 / 14529715200,"[X, [X, [[X, [[[X, [X, Y]], [X, Y]], [X, [[X, Y], Y]]]], [X, [X, Y]]]]]"
15,9,6,-2669.0 / 1743565824,"[X, [X, [X, [[[X, [X, Y]], [X, Y]], [[X, [[X, Y], Y]], [[X, Y], Y]]]]]]"
15,9,6,-16451.0 / 4670265600,"[X, [X, [X, [[[X, [X, Y]], [X, Y]], [[X, [[[X, Y], Y], Y]], [X, Y]]]]]]"
15,8,7,-15047.0 / 18162144000,"[X, [X, [X, [[[X, [X, Y]], [X, Y]], [X, [[[[[X, Y], Y], Y], Y], Y]]]]]]"
15,11,4,4831.0 / 108972864000,"[[X, [X, [X, [[[X, [X, Y]], [X, Y]], [X, Y]]]]], [X, [X, [X, [X, Y]]]]]"
15,10,5,12011.0 / 87178291200,"[X, [X, [[X, [[[X, [X, Y]], [X, Y]], [X, Y]]], [X, [X, [[X, Y], Y]]]]]]"
15,10,5,80183.0 / 43589145600,"[X, [X, [[X, [[[X, [X, Y]], [X, Y]], [X, Y]]], [[X, [X, Y]], [X, Y]]]]]"
15,9,6,-27077.0 / 65383718400,"[X, [X, [X, [[[[X, [X, Y]], [X, Y]], [X, Y]], [X, [[[X, Y], Y], Y]]]]]]"
15,10,5,5963.0 / 2905943040,"[X, [X, [[X, [[[[X, [X, Y]], [X, Y]], [X, Y]], [X, Y]]], [X, [X, Y]]]]]"
15,9,6,409.0 / 1245404160,"[X, [X, [X, [X, [[X, Y], [[X, Y], [[X, Y], [[X, Y], [[X, Y], Y]]]]]]]]]"
15,9,6,79999.0 / 43589145600,"[X, [X, [X, [[X, [[X, Y], [[X, Y], [[X, Y], [[X, Y], Y]]]]], [X, Y]]]]]"
15,8,7,-17.0 / 2905943040,"[X, [X, [X, [X, [[X, Y], [[X, Y], [[X, Y], [[[[X, Y], Y], Y], Y]]]]]]]]"
15,10,5,929.0 / 2724321600,"[X, [[X, [X, [X, [[X, Y], [[X, Y], [[X, Y], Y]]]]]], [X, [X, [X, Y]]]]]"
15,9,6,34579.0 / 43589145600,"[X, [X, [X, [[X, [[X, Y], [[X, Y], [[X, Y], Y]]]], [X, [[X, Y], Y]]]]]]"
15,9,6,2293.0 / 396264960,"[X, [X, [X, [[[X, [[X, Y], [[X, Y], [[X, Y], Y]]]], [X, Y]], [X, Y]]]]]"
15,8,7,373.0 / 660441600,"[X, [X, [X, [X, [[X, Y], [[X, Y], [[[X, Y], Y], [[[X, Y], Y], Y]]]]]]]]"
15,9,6,50383.0 / 43589145600,"[X, [X, [[X, [X, [[X, Y], [[X, Y], [[[X, Y], Y], Y]]]]], [X, [X, Y]]]]]"
15,8,7,7639.0 / 3632428800,"[X, [X, [X, [X, [[X, Y], [[[X, Y], [[[X, Y], Y], Y]], [[X, Y], Y]]]]]]]"
15,8,7,241.0 / 139708800,"[X, [X, [X, [[X, [[X, Y], [[X, Y], [[[[X, Y], Y], Y], Y]]]], [X, Y]]]]]"
15,7,8,383.0 / 1945944000,"[X, [X, [X, [X, [[X, Y], [[X, Y], [[[[[[X, Y], Y], Y], Y], Y], Y]]]]]]]"
15,10,5,-269.0 / 87178291200,"[X, [[X, [X, [X, [[X, Y], [[X, Y], Y]]]]], [X, [X, [X, [[X, Y], Y]]]]]]"
15,10,5,3041.0 / 43589145600,"[X, [[X, [X, [X, [[X, Y], [[X, Y], Y]]]]], [X, [[X, [X, Y]], [X, Y]]]]]"
15,9,6,-437.0 / 9340531200,"[X, [X, [[X, [X, [[X, Y], [[X, Y], Y]]]], [X, [X, [[[X, Y], Y], Y]]]]]]"
15,10,5,19387.0 / 29059430400,"[X, [X, [[[X, [X, [[X, Y], [[X, Y], Y]]]], [X, [X, Y]]], [X, [X, Y]]]]]"
15,9,6,593.0 / 3962649600,"[X, [X, [[X, [X, [[X, Y], [[X, Y], Y]]]], [X, [[X, Y], [[X, Y], Y]]]]]]"
15,9,6,-17993.0 / 21794572800,"[X, [X, [X, [[X, [[X, Y], [[X, Y], Y]]], [[X, [[X, Y], Y]], [X, Y]]]]]]"
15,8,7,-2377.0 / 4358914560,"[X, [X, [X, [[X, [[X, Y], [[X, Y], Y]]], [X, [[[[X, Y], Y], Y], Y]]]]]]"
15,10,5,13297.0 / 21794572800,"[X, [[X, [X, [[X, [[X, Y], [[X, Y], Y]]], [X, Y]]]], [X, [X, [X, Y]]]]]"
15,9,6,2389.0 / 2075673600,"[X, [X, [X, [[[X, [[X, Y], [[X, Y], Y]]], [X, Y]], [X, [[X, Y], Y]]]]]]"
15,9,6,1439.0 / 283046400,"[X, [X, [X, [[[[X, [[X, Y], [[X, Y], Y]]], [X, Y]], [X, Y]], [X, Y]]]]]"
15,8,7,2909.0 / 2421619200,"[X, [X, [X, [X, [[[X, Y], [[X, Y], Y]], [[X, Y], [[[X, Y], Y], Y]]]]]]]"
15,9,6,-4657.0 / 29059430400,"[X, [X, [[X, [X, [[[X, Y], [[X, Y], Y]], [[X, Y], Y]]]], [X, [X, Y]]]]]"
15,8,7,-10169.0 / 14529715200,"[X, [X, [X, [X, [[[[X, Y], [[X, Y], Y]], [[X, Y], Y]], [[X, Y], Y]]]]]]"
15,8,7,1147.0 / 1816214400,"[X, [X, [X, [[X, [[X, Y], [[[X, Y], Y], [[[X, Y], Y], Y]]]], [X, Y]]]]]"
15,7,8,293.0 / 1037836800,"[X, [X, [X, [X, [[X, Y], [[[X, Y], Y], [[[[[X, Y], Y], Y], Y], Y]]]]]]]"
15,10,5,-139.0 / 8717829120,"[[X, [X, [X, [X, [[X, Y], [[[X, Y], Y], Y]]]]]], [X, [X, [X, [X, Y]]]]]"
15,9,6,-43.0 / 849139200,"[X, [X, [[X, [X, [[X, Y], [[[X, Y], Y], Y]]]], [X, [X, [[X, Y], Y]]]]]]"
15,9,6,-601.0 / 6538371840,"[X, [X, [[X, [X, [[X, Y], [[[X, Y], Y], Y]]]], [[X, [X, Y]], [X, Y]]]]]"
15,8,7,-1871.0 / 5448643200,"[X, [X, [X, [[X, [[X, Y], [[[X, Y], Y], Y]]], [X, [[[X, Y], Y], Y]]]]]]"
15,9,6,-4657.0 / 14529715200,"[X, [X, [[X, [[X, [[X, Y], [[[X, Y], Y], Y]]], [X, Y]]], [X, [X, Y]]]]]"
15,8,7,1.0 / 6115200,"[X, [X, [X, [[X, [[X, Y], [[[X, Y], Y], Y]]], [[X, Y], [[X, Y], Y]]]]]]"
15,8,7,-5989.0 / 1816214400,"[X, [X, [X, [[X, [[[X, Y], [[[X, Y], Y], Y]], [[X, Y], Y]]], [X, Y]]]]]"
15,7,8,-5.0 / 20756736,"[X, [X, [X, [X, [[X, Y], [[[[X, Y], Y], Y], [[[[X, Y], Y], Y], Y]]]]]]]"
15,9,6,-114563.0 / 523069747200,"[X, [[X, [X, [X, [[X, Y], [[[[X, Y], Y], Y], Y]]]]], [X, [X, [X, Y]]]]]"
15,8,7,-13019.0 / 21794572800,"[X, [X, [X, [[X, [[X, Y], [[[[X, Y], Y], Y], Y]]], [X, [[X, Y], Y]]]]]]"
15,8,7,-1117.0 / 726485760,"[X, [X, [X, [[[X, [[X, Y], [[[[X, Y], Y], Y], Y]]], [X, Y]], [X, Y]]]]]"
15,7,8,-521.0 / 345945600,"[X, [X, [X, [X, [[[X, Y], [[[[X, Y], Y], Y], Y]], [[[X, Y], Y], Y]]]]]]"
15,8,7,-26161.0 / 36324288000,"[X, [X, [[X, [X, [[X, Y], [[[[[X, Y], Y], Y], Y], Y]]]], [X, [X, Y]]]]]"
15,7,8,-2537.0 / 1729728000,"[X, [X, [X, [X, [[[X, Y], [[[[[X, Y], Y], Y], Y], Y]], [[X, Y], Y]]]]]]"
15,7,8,-601.0 / 707616000,"[X, [X, [X, [[X, [[X, Y], [[[[[[X, Y], Y], Y], Y], Y], Y]]], [X, Y]]]]]"
15,6,9,-1627.0 / 24908083200,"[X, [X, [X, [X, [[X, Y], [[[[[[[[X, Y], Y], Y], Y], Y], Y], Y], Y]]]]]]"
15,10,5,1247.0 / 118879488000,"[[X, [X, [X, [X, [[X, Y], Y]]]]], [X, [X, [X, [X, [[[X, Y], Y], Y]]]]]]"
15,11,4,-1.0 / 454053600,"[[X, [X, [X, [X, [[X, Y], Y]]]]], [X, [[X, [X, [X, Y]]], [X, [X, Y]]]]]"
15,10,5,2797.0 / 435891456000,"[[X, [X, [X, [X, [[X, Y], Y]]]]], [X, [X, [X, [[X, Y], [[X, Y], Y]]]]]]"
15,10,5,19.0 / 1524096000,"[X, [[X, [X, [X, [[X, Y], Y]]]], [X, [X, [[X, [[X, Y], Y]], [X, Y]]]]]]"
15,9,6,127.0 / 149448499200,"[X, [[X, [X, [X, [[X, Y], Y]]]], [X, [X, [X, [[[[X, Y], Y], Y], Y]]]]]]"
15,11,4,1493.0 / 14529715200,"[X, [[[X, [X, [X, [[X, Y], Y]]]], [X, [X, [X, Y]]]], [X, [X, [X, Y]]]]]"
15,10,5,1.0 / 52416000,"[X, [[X, [X, [X, [[X, Y], Y]]]], [X, [[X, [X, Y]], [X, [[X, Y], Y]]]]]]"
15,10,5,1759.0 / 27243216000,"[X, [[X, [X, [X, [[X, Y], Y]]]], [X, [[[X, [X, Y]], [X, Y]], [X, Y]]]]]"
15,9,6,6001.0 / 261534873600,"[X, [[X, [X, [X, [[X, Y], Y]]]], [X, [X, [[X, Y], [[[X, Y], Y], Y]]]]]]"
15,10,5,-67.0 / 1016064000,"[X, [X, [[X, [X, [[X, Y], Y]]], [[X, [X, [[X, Y], Y]]], [X, [X, Y]]]]]]"
15,9,6,-23.0 / 102502400,"[X, [X, [[X, [X, [[X, Y], Y]]], [X, [[X, [[X, Y], Y]], [[X, Y], Y]]]]]]"
15,9,6,-22769.0 / 43589145600,"[X, [X, [[X, [X, [[X, Y], Y]]], [X, [[X, [[[X, Y], Y], Y]], [X, Y]]]]]]"
15,8,7,-1411.0 / 12108096000,"[X, [X, [[X, [X, [[X, Y], Y]]], [X, [X, [[[[[X, Y], Y], Y], Y], Y]]]]]]"
15,11,4,3001.0 / 54486432000,"[[X, [X, [[X, [X, [[X, Y], Y]]], [X, [X, Y]]]]], [X, [X, [X, [X, Y]]]]]"
15,10,5,6557.0 / 72648576000,"[X, [[X, [[X, [X, [[X, Y], Y]]], [X, [X, Y]]]], [X, [X, [[X, Y], Y]]]]]"
15,10,5,22223.0 / 36324288000,"[X, [X, [[X, [X, [[X, Y], Y]]], [[X, [X, Y]], [[X, [X, Y]], [X, Y]]]]]]"
15,9,6,-971.0 / 4151347200,"[X, [X, [[X, [X, [[X, Y], Y]]], [[X, [X, Y]], [X, [[[X, Y], Y], Y]]]]]]"
15,10,5,13037.0 / 4843238400,"[X, [X, [[[X, [X, [[X, Y], Y]]], [[X, [X, Y]], [X, Y]]], [X, [X, Y]]]]]"
15,9,6,6497.0 / 9686476800,"[X, [X, [[X, [X, [[X, Y], Y]]], [X, [[X, Y], [[X, Y], [[X, Y], Y]]]]]]]"
15,9,6,47161.0 / 29059430400,"[X, [X, [[X, [X, [[X, Y], Y]]], [[X, [[X, Y], [[X, Y], Y]]], [X, Y]]]]]"
15,8,7,-691.0 / 2905943040,"[X, [X, [[X, [X, [[X, Y], Y]]], [X, [[X, Y], [[[[X, Y], Y], Y], Y]]]]]]"
15,10,5,179.0 / 908107200,"[X, [[X, [[X, [X, [[X, Y], Y]]], [X, [[X, Y], Y]]]], [X, [X, [X, Y]]]]]"
15,9,6,10291.0 / 58118860800,"[X, [X, [[[X, [X, [[X, Y], Y]]], [X, [[X, Y], Y]]], [X, [[X, Y], Y]]]]]"
15,9,6,-38989.0 / 29059430400,"[X, [X, [X, [[X, [[X, Y], Y]], [[[X, [[X, Y], Y]], [X, Y]], [X, Y]]]]]]"
15,8,7,-1201.0 / 7264857600,"[X, [X, [X, [[X, [[X, Y], Y]], [X, [[[X, Y], Y], [[[X, Y], Y], Y]]]]]]]"
15,9,6,-37.0 / 191600640,"[X, [X, [[X, [[X, [[X, Y], Y]], [X, [[[X, Y], Y], Y]]]], [X, [X, Y]]]]]"
15,8,7,-9473.0 / 5448643200,"[X, [X, [X, [[X, [[X, Y], Y]], [[X, [[[X, Y], Y], Y]], [[X, Y], Y]]]]]]"
15,8,7,-19997.0 / 10897286400,"[X, [X, [X, [[X, [[X, Y], Y]], [[X, [[[[X, Y], Y], Y], Y]], [X, Y]]]]]]"
15,7,8,-1979.0 / 7783776000,"[X, [X, [X, [[X, [[X, Y], Y]], [X, [[[[[[X, Y], Y], Y], Y], Y], Y]]]]]]"
15,10,5,-8123.0 / 217945728000,"[[X, [X, [X, [[X, [[X, Y], Y]], [X, Y]]]]], [X, [X, [X, [[X, Y], Y]]]]]"
15,10,5,4699.0 / 10897286400,"[X, [[X, [X, [[X, [[X, Y], Y]], [X, Y]]]], [X, [[X, [X, Y]], [X, Y]]]]]"
15,9,6,-1181.0 / 32691859200,"[X, [X, [[X, [[X, [[X, Y], Y]], [X, Y]]], [X, [X, [[[X, Y], Y], Y]]]]]]"
15,10,5,467.0 / 101606400,"[X, [X, [[[X, [[X, [[X, Y], Y]], [X, Y]]], [X, [X, Y]]], [X, [X, Y]]]]]"
15,9,6,3221.0 / 2179457280,"[X, [X, [[X, [[X, [[X, Y], Y]], [X, Y]]], [X, [[X, Y], [[X, Y], Y]]]]]]"
15,9,6,33391.0 / 10897286400,"[X, [X, [[X, [[X, [[X, Y], Y]], [X, Y]]], [[X, [[X, Y], Y]], [X, Y]]]]]"
15,8,7,-919.0 / 838252800,"[X, [X, [X, [[[X, [[X, Y], Y]], [X, Y]], [X, [[[[X, Y], Y], Y], Y]]]]]]"
15,10,5,22129.0 / 10897286400,"[X, [[X, [X, [[[X, [[X, Y], Y]], [X, Y]], [X, Y]]]], [X, [X, [X, Y]]]]]"
15,9,6,114713.0 / 29059430400,"[X, [X, [[X, [[[X, [[X, Y], Y]], [X, Y]], [X, Y]]], [X, [[X, Y], Y]]]]]"
15,9,6,248683.0 / 43589145600,"[X, [X, [X, [[[[[X, [[X, Y], Y]], [X, Y]], [X, Y]], [X, Y]], [X, Y]]]]]"
15,8,7,4079.0 / 1816214400,"[X, [X, [X, [[X, [[X, Y], Y]], [[X, Y], [[X, Y], [[[X, Y], Y], Y]]]]]]]"
15,9,6,14149.0 / 3228825600,"[X, [X, [[X, [[X, [[X, Y], Y]], [[X, Y], [[X, Y], Y]]]], [X, [X, Y]]]]]"
15,8,7,493.0 / 363242880,"[X, [X, [X, [[X, [[X, Y], Y]], [[[X, Y], [[X, Y], Y]], [[X, Y], Y]]]]]]"
15,8,7,493.0 / 181621440,"[X, [X, [X, [[[X, [[X, Y], Y]], [[X, Y], [[[X, Y], Y], Y]]], [X, Y]]]]]"
15,7,8,-4283.0 / 5189184000,"[X, [X, [X, [[X, [[X, Y], Y]], [[X, Y], [[[[[X, Y], Y], Y], Y], Y]]]]]]"
15,10,5,5021.0 / 87178291200,"[[X, [X, [X, [[X, [[X, Y], Y]], [[X, Y], Y]]]]], [X, [X, [X, [X, Y]]]]]"
15,9,6,10609.0 / 174356582400,"[X, [[X, [X, [[X, [[X, Y], Y]], [[X, Y], Y]]]], [X, [X, [[X, Y], Y]]]]]"
15,9,6,919.0 / 444787200,"[X, [X, [[X, [[X, [[X, Y], Y]], [[X, Y], Y]]], [[X, [X, Y]], [X, Y]]]]]"
15,8,7,881.0 / 2179457280,"[X, [X, [X, [[[X, [[X, Y], Y]], [[X, Y], Y]], [X, [[[X, Y], Y], Y]]]]]]"
15,9,6,271517.0 / 29059430400,"[X, [X, [[X, [[[X, [[X, Y], Y]], [[X, Y], Y]], [X, Y]]], [X, [X, Y]]]]]"
15,8,7,20303.0 / 3632428800,"[X, [X, [X, [[[X, [[X, Y], Y]], [[X, Y], Y]], [[X, Y], [[X, Y], Y]]]]]]"
15,8,7,1097.0 / 165110400,"[X, [X, [X, [[[[X, [[X, Y], Y]], [[X, Y], Y]], [[X, Y], Y]], [X, Y]]]]]"
15,7,8,1901.0 / 2075673600,"[X, [X, [X, [X, [[[X, Y], Y], [[[X, Y], Y], [[[[X, Y], Y], Y], Y]]]]]]]"
15,9,6,45277.0 / 261534873600,"[X, [[X, [X, [X, [[[X, Y], Y], [[[X, Y], Y], Y]]]]], [X, [X, [X, Y]]]]]"
15,8,7,1039.0 / 2421619200,"[X, [X, [[X, [X, [[[X, Y], Y], [[[X, Y], Y], Y]]]], [X, [[X, Y], Y]]]]]"
15,8,7,7181.0 / 1816214400,"[X, [X, [X, [[[X, [[[X, Y], Y], [[[X, Y], Y], Y]]], [X, Y]], [X, Y]]]]]"
15,7,8,-17.0 / 129729600,"[X, [X, [X, [X, [[[[X, Y], Y], [[[X, Y], Y], Y]], [[[X, Y], Y], Y]]]]]]"
15,8,7,-4973.0 / 14529715200,"[X, [X, [[X, [X, [[[X, Y], Y], [[[[X, Y], Y], Y], Y]]]], [X, [X, Y]]]]]"
15,7,8,137.0 / 2075673600,"[X, [X, [X, [[X, [[[X, Y], Y], [[[[X, Y], Y], Y], Y]]], [[X, Y], Y]]]]]"
15,7,8,-2897.0 / 2594592000,"[X, [X, [X, [[X, [[[X, Y], Y], [[[[[X, Y], Y], Y], Y], Y]]], [X, Y]]]]]"
15,6,9,-39419.0 / 217945728000,"[X, [X, [X, [X, [[[X, Y], Y], [[[[[[[X, Y], Y], Y], Y], Y], Y], Y]]]]]]"
15,10,5,3631.0 / 217945728000,"[[X, [X, [X, [X, [[[X, Y], Y], Y]]]]], [X, [X, [[X, [X, Y]], [X, Y]]]]]"
15,9,6,1433.0 / 156920924160,"[[X, [X, [X, [X, [[[X, Y], Y], Y]]]]], [X, [X, [X, [[[X, Y], Y], Y]]]]]"
15,10,5,32573.0 / 217945728000,"[X, [[X, [X, [X, [[[X, Y], Y], Y]]]], [[X, [X, [X, Y]]], [X, [X, Y]]]]]"
15,9,6,2657.0 / 52306974720,"[X, [[X, [X, [X, [[[X, Y], Y], Y]]]], [X, [X, [[X, Y], [[X, Y], Y]]]]]]"
15,9,6,3881.0 / 26153487360,"[X, [[X, [X, [X, [[[X, Y], Y], Y]]]], [X, [[X, [[X, Y], Y]], [X, Y]]]]]"
15,8,7,-23.0 / 726485760,"[X, [X, [[X, [X, [[[X, Y], Y], Y]]], [X, [X, [[[[X, Y], Y], Y], Y]]]]]]"
15,10,5,6733.0 / 8717829120,"[X, [[X, [[X, [X, [[[X, Y], Y], Y]]], [X, [X, Y]]]], [X, [X, [X, Y]]]]]"
15,9,6,35093.0 / 87178291200,"[X, [X, [[X, [X, [[[X, Y], Y], Y]]], [[X, [X, Y]], [X, [[X, Y], Y]]]]]]"
15,9,6,5953.0 / 6227020800,"[X, [X, [[X, [X, [[[X, Y], Y], Y]]], [[[X, [X, Y]], [X, Y]], [X, Y]]]]]"
15,8,7,487.0 / 3632428800,"[X, [X, [[X, [X, [[[X, Y], Y], Y]]], [X, [[X, Y], [[[X, Y], Y], Y]]]]]]"
15,9,6,22907.0 / 14529715200,"[X, [X, [[[X, [X, [[[X, Y], Y], Y]]], [X, [[X, Y], Y]]], [X, [X, Y]]]]]"
15,8,7,5177.0 / 7264857600,"[X, [X, [[X, [X, [[[X, Y], Y], Y]]], [[X, [[X, Y], Y]], [[X, Y], Y]]]]]"
15,8,7,23.0 / 165110400,"[X, [X, [X, [[X, [[[X, Y], Y], Y]], [[X, [[[X, Y], Y], Y]], [X, Y]]]]]]"
15,7,8,-557.0 / 3113510400,"[X, [X, [X, [[X, [[[X, Y], Y], Y]], [X, [[[[[X, Y], Y], Y], Y], Y]]]]]]"
15,10,5,1429.0 / 10897286400,"[[X, [X, [X, [[X, [[[X, Y], Y], Y]], [X, Y]]]]], [X, [X, [X, [X, Y]]]]]"
15,9,6,12913.0 / 130767436800,"[X, [[X, [X, [[X, [[[X, Y], Y], Y]], [X, Y]]]], [X, [X, [[X, Y], Y]]]]]"
15,9,6,69049.0 / 16345929600,"[X, [X, [[X, [[X, [[[X, Y], Y], Y]], [X, Y]]], [[X, [X, Y]], [X, Y]]]]]"
15,8,7,67.0 / 51891840,"[X, [X, [[X, [[X, [[[X, Y], Y], Y]], [X, Y]]], [X, [[[X, Y], Y], Y]]]]]"
15,9,6,15343.0 / 1614412800,"[X, [X, [[X, [[[X, [[[X, Y], Y], Y]], [X, Y]], [X, Y]]], [X, [X, Y]]]]]"
15,8,7,97.0 / 28378350,"[X, [X, [X, [[X, [[[X, Y], Y], Y]], [[X, Y], [[X, Y], [[X, Y], Y]]]]]]]"
15,8,7,1429.0 / 129729600,"[X, [X, [X, [[[X, [[[X, Y], Y], Y]], [[X, Y], [[X, Y], Y]]], [X, Y]]]]]"
15,7,8,-1.0 / 34594560,"[X, [X, [X, [[X, [[[X, Y], Y], Y]], [[X, Y], [[[[X, Y], Y], Y], Y]]]]]]"
15,9,6,32801.0 / 26153487360,"[X, [[X, [X, [[X, [[[X, Y], Y], Y]], [[X, Y], Y]]]], [X, [X, [X, Y]]]]]"
15,8,7,181.0 / 82555200,"[X, [X, [[X, [[X, [[[X, Y], Y], Y]], [[X, Y], Y]]], [X, [[X, Y], Y]]]]]"
15,8,7,4217.0 / 227026800,"[X, [X, [X, [[[[X, [[[X, Y], Y], Y]], [[X, Y], Y]], [X, Y]], [X, Y]]]]]"
15,7,8,191.0 / 86486400,"[X, [X, [X, [[X, [[[X, Y], Y], Y]], [[[X, Y], Y], [[[X, Y], Y], Y]]]]]]"
15,8,7,4657.0 / 2179457280,"[X, [X, [[X, [[X, [[[X, Y], Y], Y]], [[[X, Y], Y], Y]]], [X, [X, Y]]]]]"
15,7,8,1207.0 / 311351040,"[X, [X, [X, [[[X, [[[X, Y], Y], Y]], [[[X, Y], Y], Y]], [[X, Y], Y]]]]]"
15,7,8,139.0 / 129729600,"[X, [X, [X, [[X, [[[[X, Y], Y], Y], [[[[X, Y], Y], Y], Y]]], [X, Y]]]]]"
15,6,9,-2753.0 / 13343616000,"[X, [X, [X, [X, [[[[X, Y], Y], Y], [[[[[[X, Y], Y], Y], Y], Y], Y]]]]]]"
15,9,6,-1759.0 / 104613949440,"[[X, [X, [X, [X, [[[[X, Y], Y], Y], Y]]]]], [X, [X, [X, [[X, Y], Y]]]]]"
15,9,6,68857.0 / 523069747200,"[X, [[X, [X, [X, [[[[X, Y], Y], Y], Y]]]], [X, [[X, [X, Y]], [X, Y]]]]]"
15,8,7,1.0 / 38438400,"[X, [[X, [X, [X, [[[[X, Y], Y], Y], Y]]]], [X, [X, [[[X, Y], Y], Y]]]]]"
15,9,6,83123.0 / 58118860800,"[X, [X, [[[X, [X, [[[[X, Y], Y], Y], Y]]], [X, [X, Y]]], [X, [X, Y]]]]]"
15,8,7,823.0 / 2075673600,"[X, [X, [[X, [X, [[[[X, Y], Y], Y], Y]]], [X, [[X, Y], [[X, Y], Y]]]]]]"
15,8,7,563.0 / 454053600,"[X, [X, [[X, [X, [[[[X, Y], Y], Y], Y]]], [[X, [[X, Y], Y]], [X, Y]]]]]"
15,7,8,17.0 / 259459200,"[X, [X, [[X, [X, [[[[X, Y], Y], Y], Y]]], [X, [[[[X, Y], Y], Y], Y]]]]]"
15,9,6,29231.0 / 23775897600,"[X, [[X, [X, [[X, [[[[X, Y], Y], Y], Y]], [X, Y]]]], [X, [X, [X, Y]]]]]"
15,8,7,3593.0 / 1816214400,"[X, [X, [[X, [[X, [[[[X, Y], Y], Y], Y]], [X, Y]]], [X, [[X, Y], Y]]]]]"
15,8,7,9953.0 / 1816214400,"[X, [X, [X, [[[[X, [[[[X, Y], Y], Y], Y]], [X, Y]], [X, Y]], [X, Y]]]]]"
15,7,8,401.0 / 345945600,"[X, [X, [X, [[X, [[[[X, Y], Y], Y], Y]], [[X, Y], [[[X, Y], Y], Y]]]]]]"
15,8,7,467.0 / 111767040,"[X, [X, [[X, [[X, [[[[X, Y], Y], Y], Y]], [[X, Y], Y]]], [X, [X, Y]]]]]"
15,7,8,683.0 / 188697600,"[X, [X, [X, [[[X, [[[[X, Y], Y], Y], Y]], [[X, Y], Y]], [[X, Y], Y]]]]]"
15,7,8,631.0 / 103783680,"[X, [X, [X, [[[X, [[[[X, Y], Y], Y], Y]], [[[X, Y], Y], Y]], [X, Y]]]]]"
15,6,9,13.0 / 191600640,"[X, [X, [X, [X, [[[[[X, Y], Y], Y], Y], [[[[[X, Y], Y], Y], Y], Y]]]]]]"
15,9,6,1.0 / 37324800,"[[X, [X, [X, [X, [[[[[X, Y], Y], Y], Y], Y]]]]], [X, [X, [X, [X, Y]]]]]"
15,8,7,1.0 / 82368000,"[X, [[X, [X, [X, [[[[[X, Y], Y], Y], Y], Y]]]], [X, [X, [[X, Y], Y]]]]]"
15,8,7,281.0 / 366912000,"[X, [X, [[X, [X, [[[[[X, Y], Y], Y], Y], Y]]], [[X, [X, Y]], [X, Y]]]]]"
15,7,8,449.0 / 2594592000,"[X, [X, [[X, [X, [[[[[X, Y], Y], Y], Y], Y]]], [X, [[[X, Y], Y], Y]]]]]"
15,8,7,62159.0 / 18162144000,"[X, [X, [[X, [[X, [[[[[X, Y], Y], Y], Y], Y]], [X, Y]]], [X, [X, Y]]]]]"
15,7,8,4909.0 / 2594592000,"[X, [X, [X, [[X, [[[[[X, Y], Y], Y], Y], Y]], [[X, Y], [[X, Y], Y]]]]]]"
15,7,8,11.0 / 2016000,"[X, [X, [X, [[[X, [[[[[X, Y], Y], Y], Y], Y]], [[X, Y], Y]], [X, Y]]]]]"
15,6,9,3749.0 / 6227020800,"[X, [X, [X, [[X, [[[[[X, Y], Y], Y], Y], Y]], [[[[X, Y], Y], Y], Y]]]]]"
15,8,7,199.0 / 1297296000,"[X, [[X, [X, [X, [[[[[[X, Y], Y], Y], Y], Y], Y]]]], [X, [X, [X, Y]]]]]"
15,7,8,1193.0 / 5189184000,"[X, [X, [[X, [X, [[[[[[X, Y], Y], Y], Y], Y], Y]]], [X, [[X, Y], Y]]]]]"
15,7,8,28957.0 / 15567552000,"[X, [X, [X, [[[X, [[[[[[X, Y], Y], Y], Y], Y], Y]], [X, Y]], [X, Y]]]]]"
15,6,9,5297.0 / 9340531200,"[X, [X, [X, [[X, [[[[[[X, Y], Y], Y], Y], Y], Y]], [[[X, Y], Y], Y]]]]]"
15,7,8,943.0 / 3302208000,"[X, [X, [[X, [X, [[[[[[[X, Y], Y], Y], Y], Y], Y], Y]]], [X, [X, Y]]]]]"
15,6,9,9167.0 / 21794572800,"[X, [X, [X, [[X, [[[[[[[X, Y], Y], Y], Y], Y], Y], Y]], [[X, Y], Y]]]]]"
15,6,9,109.0 / 495331200,"[X, [X, [X, [[X, [[[[[[[[X, Y], Y], Y], Y], Y], Y], Y], Y]], [X, Y]]]]]"
15,5,10,317.0 / 40864824000,"[X, [X, [X, [X, [[[[[[[[[[X, Y], Y], Y], Y], Y], Y], Y], Y], Y], Y]]]]]"
15,11,4,-19.0 / 672672000,"[[X, [X, [X, [X, Y]]]], [X, [[X, [X, [X, Y]]], [X, [X, [[X, Y], Y]]]]]]"
15,11,4,-1733.0 / 217945728000,"[[X, [X, [X, [X, Y]]]], [X, [X, [[X, [X, Y]], [[X, [X, Y]], [X, Y]]]]]]"
15,10,5,-3383.0 / 43589145600,"[[X, [X, [X, [X, Y]]]], [X, [X, [[X, [X, Y]], [X, [[[X, Y], Y], Y]]]]]]"
15,11,4,89.0 / 538137600,"[[X, [X, [X, [X, Y]]]], [X, [[X, [[X, [X, Y]], [X, Y]]], [X, [X, Y]]]]]"
15,10,5,5.0 / 54486432,"[[X, [X, [X, [X, Y]]]], [X, [X, [X, [[X, Y], [[X, Y], [[X, Y], Y]]]]]]]"
15,10,5,3001.0 / 21794572800,"[[X, [X, [X, [X, Y]]]], [X, [X, [[X, [[X, Y], [[X, Y], Y]]], [X, Y]]]]]"
15,9,6,-89.0 / 1307674368,"[[X, [X, [X, [X, Y]]]], [X, [X, [X, [[X, Y], [[[[X, Y], Y], Y], Y]]]]]]"
15,11,4,1013.0 / 21794572800,"[[X, [X, [X, [X, Y]]]], [[X, [X, [X, [[X, Y], Y]]]], [X, [X, [X, Y]]]]]"
15,10,5,631.0 / 14529715200,"[[X, [X, [X, [X, Y]]]], [X, [[X, [X, [[X, Y], Y]]], [X, [[X, Y], Y]]]]]"
15,10,5,22153.0 / 43589145600,"[[X, [X, [X, [X, Y]]]], [X, [X, [[[X, [[X, Y], Y]], [X, Y]], [X, Y]]]]]"
15,9,6,4349.0 / 130767436800,"[[X, [X, [X, [X, Y]]]], [X, [X, [X, [[[X, Y], Y], [[[X, Y], Y], Y]]]]]]"
15,10,5,2759.0 / 14529715200,"[[X, [X, [X, [X, Y]]]], [X, [[X, [X, [[[X, Y], Y], Y]]], [X, [X, Y]]]]]"
15,9,6,1627.0 / 5230697472,"[[X, [X, [X, [X, Y]]]], [X, [X, [[X, [[[X, Y], Y], Y]], [[X, Y], Y]]]]]"
15,9,6,1031.0 / 3269185920,"[[X, [X, [X, [X, Y]]]], [X, [X, [[X, [[[[X, Y], Y], Y], Y]], [X, Y]]]]]"
15,8,7,1.0 / 24883200,"[[X, [X, [X, [X, Y]]]], [X, [X, [X, [[[[[[X, Y], Y], Y], Y], Y], Y]]]]]"
15,11,4,59.0 / 4358914560,"[[[X, [X, [X, [X, Y]]]], [X, [X, [X, Y]]]], [X, [X, [X, [[X, Y], Y]]]]]"
15,11,4,-767.0 / 3353011200,"[X, [[X, [X, [X, Y]]], [[X, [X, [X, Y]]], [X, [[X, [X, Y]], [X, Y]]]]]]"
15,10,5,-47317.0 / 130767436800,"[X, [[X, [X, [X, Y]]], [[X, [X, [X, Y]]], [X, [X, [[[X, Y], Y], Y]]]]]]"
15,11,4,173.0 / 605404800,"[X, [[X, [X, [X, Y]]], [[[X, [X, [X, Y]]], [X, [X, Y]]], [X, [X, Y]]]]]"
15,10,5,-557.0 / 21794572800,"[X, [[X, [X, [X, Y]]], [X, [[X, [X, Y]], [X, [[X, Y], [[X, Y], Y]]]]]]]"
15,10,5,-113.0 / 79252992,"[X, [[X, [X, [X, Y]]], [X, [[X, [X, Y]], [[X, [[X, Y], Y]], [X, Y]]]]]]"
15,9,6,-8549.0 / 13412044800,"[X, [[X, [X, [X, Y]]], [X, [[X, [X, Y]], [X, [[[[X, Y], Y], Y], Y]]]]]]"
15,11,4,437.0 / 8717829120,"[[X, [[X, [X, [X, Y]]], [X, [[X, [X, Y]], [X, Y]]]]], [X, [X, [X, Y]]]]"
15,10,5,137.0 / 1320883200,"[X, [[X, [X, [X, Y]]], [X, [[[X, [X, Y]], [X, Y]], [X, [[X, Y], Y]]]]]]"
15,10,5,20681.0 / 21794572800,"[X, [[X, [X, [X, Y]]], [X, [[[[X, [X, Y]], [X, Y]], [X, Y]], [X, Y]]]]]"
15,9,6,27959.0 / 43589145600,"[X, [[X, [X, [X, Y]]], [X, [X, [[X, Y], [[X, Y], [[[X, Y], Y], Y]]]]]]]"
15,10,5,713.0 / 1556755200,"[X, [[X, [X, [X, Y]]], [[X, [X, [[X, Y], [[X, Y], Y]]]], [X, [X, Y]]]]]"
15,9,6,-5099.0 / 29059430400,"[X, [[X, [X, [X, Y]]], [X, [X, [[[X, Y], [[X, Y], Y]], [[X, Y], Y]]]]]]"
15,9,6,-5099.0 / 14529715200,"[X, [[X, [X, [X, Y]]], [X, [[X, [[X, Y], [[[X, Y], Y], Y]]], [X, Y]]]]]"
15,8,7,-5503.0 / 13208832000,"[X, [[X, [X, [X, Y]]], [X, [X, [[X, Y], [[[[[X, Y], Y], Y], Y], Y]]]]]]"
15,10,5,61.0 / 2075673600,"[X, [[[X, [X, [X, Y]]], [X, [X, [[X, Y], Y]]]], [X, [X, [[X, Y], Y]]]]]"
15,10,5,16087.0 / 14529715200,"[X, [[X, [X, [X, Y]]], [[X, [X, [[X, Y], Y]]], [[X, [X, Y]], [X, Y]]]]]"
15,9,6,-11813.0 / 87178291200,"[X, [[X, [X, [X, Y]]], [X, [[X, [[X, Y], Y]], [X, [[[X, Y], Y], Y]]]]]]"
15,10,5,17449.0 / 4358914560,"[X, [[X, [X, [X, Y]]], [[X, [[X, [[X, Y], Y]], [X, Y]]], [X, [X, Y]]]]]"
15,9,6,19489.0 / 9686476800,"[X, [[X, [X, [X, Y]]], [X, [[X, [[X, Y], Y]], [[X, Y], [[X, Y], Y]]]]]]"
15,9,6,128747.0 / 29059430400,"[X, [[X, [X, [X, Y]]], [X, [[[X, [[X, Y], Y]], [[X, Y], Y]], [X, Y]]]]]"
15,8,7,-45203.0 / 174356582400,"[X, [[X, [X, [X, Y]]], [X, [X, [[[X, Y], Y], [[[[X, Y], Y], Y], Y]]]]]]"
15,10,5,1577.0 / 14529715200,"[[X, [[X, [X, [X, Y]]], [X, [X, [[[X, Y], Y], Y]]]]], [X, [X, [X, Y]]]]"
15,9,6,1063.0 / 1556755200,"[X, [[X, [X, [X, Y]]], [[X, [X, [[[X, Y], Y], Y]]], [X, [[X, Y], Y]]]]]"
15,9,6,66923.0 / 14529715200,"[X, [[X, [X, [X, Y]]], [X, [[[X, [[[X, Y], Y], Y]], [X, Y]], [X, Y]]]]]"
15,8,7,14849.0 / 14529715200,"[X, [[X, [X, [X, Y]]], [X, [[X, [[[X, Y], Y], Y]], [[[X, Y], Y], Y]]]]]"
15,9,6,118627.0 / 87178291200,"[X, [[X, [X, [X, Y]]], [[X, [X, [[[[X, Y], Y], Y], Y]]], [X, [X, Y]]]]]"
15,8,7,176089.0 / 87178291200,"[X, [[X, [X, [X, Y]]], [X, [[X, [[[[X, Y], Y], Y], Y]], [[X, Y], Y]]]]]"
15,8,7,9529.0 / 5588352000,"[X, [[X, [X, [X, Y]]], [X, [[X, [[[[[X, Y], Y], Y], Y], Y]], [X, Y]]]]]"
15,7,8,4519.0 / 31135104000,"[X, [[X, [X, [X, Y]]], [X, [X, [[[[[[[X, Y], Y], Y], Y], Y], Y], Y]]]]]"
15,11,4,59.0 / 72648576000,"[[X, [[X, [X, [X, Y]]], [X, [X, Y]]]], [X, [X, [[X, [X, Y]], [X, Y]]]]]"
15,10,5,901.0 / 72648576000,"[[X, [[X, [X, [X, Y]]], [X, [X, Y]]]], [X, [X, [X, [[[X, Y], Y], Y]]]]]"
15,11,4,-2449.0 / 72648576000,"[[X, [[X, [X, [X, Y]]], [X, [X, Y]]]], [[X, [X, [X, Y]]], [X, [X, Y]]]]"
15,10,5,31.0 / 538137600,"[X, [[[X, [X, [X, Y]]], [X, [X, Y]]], [X, [X, [[X, Y], [[X, Y], Y]]]]]]"
15,10,5,239.0 / 227026800,"[X, [[[X, [X, [X, Y]]], [X, [X, Y]]], [X, [[X, [[X, Y], Y]], [X, Y]]]]]"
15,9,6,24383.0 / 58118860800,"[X, [[[X, [X, [X, Y]]], [X, [X, Y]]], [X, [X, [[[[X, Y], Y], Y], Y]]]]]"
15,11,4,-43.0 / 403603200,"[[X, [[[X, [X, [X, Y]]], [X, [X, Y]]], [X, [X, Y]]]], [X, [X, [X, Y]]]]"
15,10,5,18769.0 / 29059430400,"[X, [X, [[X, [X, Y]], [[X, [X, Y]], [[X, [X, Y]], [X, [[X, Y], Y]]]]]]]"
15,10,5,-475.0 / 249080832,"[X, [X, [[X, [X, Y]], [[X, [X, Y]], [[[X, [X, Y]], [X, Y]], [X, Y]]]]]]"
15,9,6,437.0 / 1089728640,"[X, [X, [[X, [X, Y]], [[X, [X, Y]], [X, [[X, Y], [[[X, Y], Y], Y]]]]]]]"
15,10,5,-503.0 / 518918400,"[X, [[X, [[X, [X, Y]], [[X, [X, Y]], [X, [[X, Y], Y]]]]], [X, [X, Y]]]]"
15,9,6,-14519.0 / 4843238400,"[X, [X, [[X, [X, Y]], [[X, [X, Y]], [[X, [[X, Y], Y]], [[X, Y], Y]]]]]]"
15,9,6,-139411.0 / 21794572800,"[X, [X, [[X, [X, Y]], [[X, [X, Y]], [[X, [[[X, Y], Y], Y]], [X, Y]]]]]]"
15,8,7,-186871.0 / 145297152000,"[X, [X, [[X, [X, Y]], [[X, [X, Y]], [X, [[[[[X, Y], Y], Y], Y], Y]]]]]]"
15,10,5,173.0 / 1729728000,"[X, [[X, [[X, [X, Y]], [[X, [X, Y]], [X, Y]]]], [X, [X, [[X, Y], Y]]]]]"
15,10,5,7547.0 / 7264857600,"[X, [X, [[[X, [X, Y]], [[X, [X, Y]], [X, Y]]], [[X, [X, Y]], [X, Y]]]]]"
15,9,6,-7619.0 / 4358914560,"[X, [X, [[X, [X, Y]], [[[X, [X, Y]], [X, Y]], [X, [[[X, Y], Y], Y]]]]]]"
15,10,5,1087.0 / 871782912,"[X, [[X, [[X, [X, Y]], [[[X, [X, Y]], [X, Y]], [X, Y]]]], [X, [X, Y]]]]"
15,9,6,173.0 / 220147200,"[X, [X, [[X, [X, Y]], [X, [[X, Y], [[X, Y], [[X, Y], [[X, Y], Y]]]]]]]]"
15,9,6,7519.0 / 1210809600,"[X, [X, [[X, [X, Y]], [[X, [[X, Y], [[X, Y], [[X, Y], Y]]]], [X, Y]]]]]"
15,8,7,114559.0 / 87178291200,"[X, [X, [[X, [X, Y]], [X, [[X, Y], [[X, Y], [[[[X, Y], Y], Y], Y]]]]]]]"
15,10,5,-1.0 / 207567360,"[[X, [X, [[X, [X, Y]], [X, [[X, Y], [[X, Y], Y]]]]]], [X, [X, [X, Y]]]]"
15,9,6,-1369.0 / 7264857600,"[X, [X, [[X, [X, Y]], [[X, [[X, Y], [[X, Y], Y]]], [X, [[X, Y], Y]]]]]]"
15,9,6,12391.0 / 1816214400,"[X, [X, [[X, [X, Y]], [[[X, [[X, Y], [[X, Y], Y]]], [X, Y]], [X, Y]]]]]"
15,8,7,1279.0 / 4843238400,"[X, [X, [[X, [X, Y]], [X, [[X, Y], [[[X, Y], Y], [[[X, Y], Y], Y]]]]]]]"
15,9,6,-13829.0 / 21794572800,"[X, [[X, [[X, [X, Y]], [X, [[X, Y], [[[X, Y], Y], Y]]]]], [X, [X, Y]]]]"
15,8,7,-69679.0 / 21794572800,"[X, [X, [[X, [X, Y]], [X, [[[X, Y], [[[X, Y], Y], Y]], [[X, Y], Y]]]]]]"
15,8,7,-246511.0 / 87178291200,"[X, [X, [[X, [X, Y]], [[X, [[X, Y], [[[[X, Y], Y], Y], Y]]], [X, Y]]]]]"
15,7,8,-403.0 / 598752000,"[X, [X, [[X, [X, Y]], [X, [[X, Y], [[[[[[X, Y], Y], Y], Y], Y], Y]]]]]]"
15,10,5,-523.0 / 24216192000,"[[X, [X, [[X, [X, Y]], [X, [[X, Y], Y]]]]], [X, [X, [X, [[X, Y], Y]]]]]"
15,10,5,1181.0 / 7264857600,"[X, [[X, [[X, [X, Y]], [X, [[X, Y], Y]]]], [X, [[X, [X, Y]], [X, Y]]]]]"
15,9,6,253.0 / 2641766400,"[X, [[X, [[X, [X, Y]], [X, [[X, Y], Y]]]], [X, [X, [[[X, Y], Y], Y]]]]]"
15,10,5,859.0 / 7264857600,"[X, [[[X, [[X, [X, Y]], [X, [[X, Y], Y]]]], [X, [X, Y]]], [X, [X, Y]]]]"
15,9,6,197.0 / 264176640,"[X, [X, [[[X, [X, Y]], [X, [[X, Y], Y]]], [X, [[X, Y], [[X, Y], Y]]]]]]"
15,9,6,223.0 / 1037836800,"[X, [X, [[X, [X, Y]], [[X, [[X, Y], Y]], [[X, [[X, Y], Y]], [X, Y]]]]]]"
15,8,7,-54473.0 / 58118860800,"[X, [X, [[X, [X, Y]], [[X, [[X, Y], Y]], [X, [[[[X, Y], Y], Y], Y]]]]]]"
15,10,5,131.0 / 279417600,"[[X, [X, [[X, [X, Y]], [[X, [[X, Y], Y]], [X, Y]]]]], [X, [X, [X, Y]]]]"
15,9,6,2503.0 / 518918400,"[X, [X, [[[X, [X, Y]], [[X, [[X, Y], Y]], [X, Y]]], [X, [[X, Y], Y]]]]]"
15,9,6,15247.0 / 1210809600,"[X, [X, [[X, [X, Y]], [[[[X, [[X, Y], Y]], [X, Y]], [X, Y]], [X, Y]]]]]"
15,8,7,3677.0 / 3962649600,"[X, [X, [[X, [X, Y]], [[X, [[X, Y], Y]], [[X, Y], [[[X, Y], Y], Y]]]]]]"
15,9,6,1.0 / 400400,"[X, [[X, [[X, [X, Y]], [[X, [[X, Y], Y]], [[X, Y], Y]]]], [X, [X, Y]]]]"
15,8,7,114949.0 / 29059430400,"[X, [X, [[X, [X, Y]], [[[X, [[X, Y], Y]], [[X, Y], Y]], [[X, Y], Y]]]]]"
15,8,7,503.0 / 124185600,"[X, [X, [[X, [X, Y]], [[X, [[[X, Y], Y], [[[X, Y], Y], Y]]], [X, Y]]]]]"
15,7,8,-9983.0 / 10378368000,"[X, [X, [[X, [X, Y]], [X, [[[X, Y], Y], [[[[[X, Y], Y], Y], Y], Y]]]]]]"
15,9,6,25.0 / 387459072,"[X, [[X, [[X, [X, Y]], [X, [[[X, Y], Y], Y]]]], [X, [X, [[X, Y], Y]]]]]"
15,9,6,221.0 / 79833600,"[X, [X, [[[X, [X, Y]], [X, [[[X, Y], Y], Y]]], [[X, [X, Y]], [X, Y]]]]]"
15,8,7,24041.0 / 43589145600,"[X, [X, [[[X, [X, Y]], [X, [[[X, Y], Y], Y]]], [X, [[[X, Y], Y], Y]]]]]"
15,9,6,122693.0 / 21794572800,"[X, [[X, [[X, [X, Y]], [[X, [[[X, Y], Y], Y]], [X, Y]]]], [X, [X, Y]]]]"
15,8,7,8131.0 / 1245404160,"[X, [X, [[X, [X, Y]], [[X, [[[X, Y], Y], Y]], [[X, Y], [[X, Y], Y]]]]]]"
15,8,7,497047.0 / 21794572800,"[X, [X, [[X, [X, Y]], [[[X, [[[X, Y], Y], Y]], [[X, Y], Y]], [X, Y]]]]]"
15,7,8,119.0 / 222393600,"[X, [X, [[X, [X, Y]], [X, [[[[X, Y], Y], Y], [[[[X, Y], Y], Y], Y]]]]]]"
15,9,6,293.0 / 1362160800,"[[X, [X, [[X, [X, Y]], [X, [[[[X, Y], Y], Y], Y]]]]], [X, [X, [X, Y]]]]"
15,8,7,41989.0 / 29059430400,"[X, [X, [[[X, [X, Y]], [X, [[[[X, Y], Y], Y], Y]]], [X, [[X, Y], Y]]]]]"
15,8,7,926503.0 / 87178291200,"[X, [X, [[X, [X, Y]], [[[X, [[[[X, Y], Y], Y], Y]], [X, Y]], [X, Y]]]]]"
15,7,8,8119.0 / 2075673600,"[X, [X, [[X, [X, Y]], [[X, [[[[X, Y], Y], Y], Y]], [[[X, Y], Y], Y]]]]]"
15,8,7,58739.0 / 48432384000,"[X, [[X, [[X, [X, Y]], [X, [[[[[X, Y], Y], Y], Y], Y]]]], [X, [X, Y]]]]"
15,7,8,12497.0 / 3459456000,"[X, [X, [[X, [X, Y]], [[X, [[[[[X, Y], Y], Y], Y], Y]], [[X, Y], Y]]]]]"
15,7,8,1103.0 / 432432000,"[X, [X, [[X, [X, Y]], [[X, [[[[[[X, Y], Y], Y], Y], Y], Y]], [X, Y]]]]]"
15,6,9,401.0 / 2583060480,"[X, [X, [[X, [X, Y]], [X, [[[[[[[[X, Y], Y], Y], Y], Y], Y], Y], Y]]]]]"
15,10,5,-71.0 / 12108096000,"[[X, [X, [[X, [X, Y]], [X, Y]]]], [X, [X, [X, [[X, Y], [[X, Y], Y]]]]]]"
15,10,5,397.0 / 5189184000,"[[X, [X, [[X, [X, Y]], [X, Y]]]], [X, [X, [[X, [[X, Y], Y]], [X, Y]]]]]"
15,9,6,211.0 / 6538371840,"[[X, [X, [[X, [X, Y]], [X, Y]]]], [X, [X, [X, [[[[X, Y], Y], Y], Y]]]]]"
15,11,4,-1.0 / 15135120,"[[[X, [X, [[X, [X, Y]], [X, Y]]]], [X, [X, [X, Y]]]], [X, [X, [X, Y]]]]"
15,10,5,149.0 / 5588352000,"[[X, [X, [[X, [X, Y]], [X, Y]]]], [X, [[X, [X, Y]], [X, [[X, Y], Y]]]]]"
15,10,5,32867.0 / 108972864000,"[X, [[X, [[X, [X, Y]], [X, Y]]], [X, [[[X, [X, Y]], [X, Y]], [X, Y]]]]]"
15,9,6,-14501.0 / 130767436800,"[X, [[X, [[X, [X, Y]], [X, Y]]], [X, [X, [[X, Y], [[[X, Y], Y], Y]]]]]]"
15,10,5,13967.0 / 36324288000,"[X, [[X, [[X, [X, Y]], [X, Y]]], [[X, [X, [[X, Y], Y]]], [X, [X, Y]]]]]"
15,9,6,6949.0 / 12454041600,"[X, [[X, [[X, [X, Y]], [X, Y]]], [X, [[X, [[X, Y], Y]], [[X, Y], Y]]]]]"
15,9,6,16043.0 / 13076743680,"[X, [[X, [[X, [X, Y]], [X, Y]]], [X, [[X, [[[X, Y], Y], Y]], [X, Y]]]]]"
15,8,7,311.0 / 1210809600,"[X, [[X, [[X, [X, Y]], [X, Y]]], [X, [X, [[[[[X, Y], Y], Y], Y], Y]]]]]"
15,10,5,157.0 / 7264857600,"[X, [[[X, [[X, [X, Y]], [X, Y]]], [X, [X, Y]]], [X, [X, [[X, Y], Y]]]]]"
15,10,5,-233.0 / 370656000,"[X, [[X, [[X, [X, Y]], [X, Y]]], [[X, [X, Y]], [[X, [X, Y]], [X, Y]]]]]"
15,9,6,107.0 / 159667200,"[X, [[X, [[X, [X, Y]], [X, Y]]], [[X, [X, Y]], [X, [[[X, Y], Y], Y]]]]]"
15,10,5,-289.0 / 151351200,"[X, [[[X, [[X, [X, Y]], [X, Y]]], [[X, [X, Y]], [X, Y]]], [X, [X, Y]]]]"
15,9,6,29.0 / 21525504,"[X, [X, [[[X, [X, Y]], [X, Y]], [X, [[X, Y], [[X, Y], [[X, Y], Y]]]]]]]"
15,9,6,19477.0 / 14529715200,"[X, [X, [[[X, [X, Y]], [X, Y]], [[X, [[X, Y], [[X, Y], Y]]], [X, Y]]]]]"
15,8,7,-18619.0 / 14529715200,"[X, [X, [[[X, [X, Y]], [X, Y]], [X, [[X, Y], [[[[X, Y], Y], Y], Y]]]]]]"
15,10,5,-1.0 / 52835328,"[[X, [X, [[[X, [X, Y]], [X, Y]], [X, [[X, Y], Y]]]]], [X, [X, [X, Y]]]]"
15,9,6,307.0 / 745113600,"[X, [X, [[[[X, [X, Y]], [X, Y]], [X, [[X, Y], Y]]], [X, [[X, Y], Y]]]]]"
15,9,6,130409.0 / 14529715200,"[X, [X, [[[X, [X, Y]], [X, Y]], [[[X, [[X, Y], Y]], [X, Y]], [X, Y]]]]]"
15,8,7,2137.0 / 2421619200,"[X, [X, [[[X, [X, Y]], [X, Y]], [X, [[[X, Y], Y], [[[X, Y], Y], Y]]]]]]"
15,9,6,223.0 / 155675520,"[X, [[X, [[[X, [X, Y]], [X, Y]], [X, [[[X, Y], Y], Y]]]], [X, [X, Y]]]]"
15,8,7,179.0 / 25401600,"[X, [X, [[[X, [X, Y]], [X, Y]], [[X, [[[X, Y], Y], Y]], [[X, Y], Y]]]]]"
15,8,7,1979.0 / 279417600,"[X, [X, [[[X, [X, Y]], [X, Y]], [[X, [[[[X, Y], Y], Y], Y]], [X, Y]]]]]"
15,7,8,1367.0 / 1482624000,"[X, [X, [[[X, [X, Y]], [X, Y]], [X, [[[[[[X, Y], Y], Y], Y], Y], Y]]]]]"
15,10,5,5527.0 / 217945728000,"[[X, [X, [[[X, [X, Y]], [X, Y]], [X, Y]]]], [X, [X, [X, [[X, Y], Y]]]]]"
15,10,5,-2063.0 / 18162144000,"[[X, [X, [[[X, [X, Y]], [X, Y]], [X, Y]]]], [X, [[X, [X, Y]], [X, Y]]]]"
15,9,6,8497.0 / 130767436800,"[X, [[X, [[[X, [X, Y]], [X, Y]], [X, Y]]], [X, [X, [[[X, Y], Y], Y]]]]]"
15,10,5,-15553.0 / 7264857600,"[X, [[[X, [[[X, [X, Y]], [X, Y]], [X, Y]]], [X, [X, Y]]], [X, [X, Y]]]]"
15,9,6,-26233.0 / 21794572800,"[X, [X, [[[[X, [X, Y]], [X, Y]], [X, Y]], [X, [[X, Y], [[X, Y], Y]]]]]]"
15,9,6,181.0 / 340540200,"[X, [X, [[[[X, [X, Y]], [X, Y]], [X, Y]], [[X, [[X, Y], Y]], [X, Y]]]]]"
15,8,7,3791.0 / 2421619200,"[X, [X, [[[[X, [X, Y]], [X, Y]], [X, Y]], [X, [[[[X, Y], Y], Y], Y]]]]]"
15,10,5,-103.0 / 345945600,"[[X, [X, [[[[X, [X, Y]], [X, Y]], [X, Y]], [X, Y]]]], [X, [X, [X, Y]]]]"
15,9,6,-383.0 / 264176640,"[X, [X, [[[[[X, [X, Y]], [X, Y]], [X, Y]], [X, Y]], [X, [[X, Y], Y]]]]]"
15,9,6,-19477.0 / 21794572800,"[X, [X, [[[[[[X, [X, Y]], [X, Y]], [X, Y]], [X, Y]], [X, Y]], [X, Y]]]]"
15,8,7,-4877.0 / 7264857600,"[X, [X, [X, [[X, Y], [[X, Y], [[X, Y], [[X, Y], [[[X, Y], Y], Y]]]]]]]]"
15,9,6,-8447.0 / 14529715200,"[X, [[X, [X, [[X, Y], [[X, Y], [[X, Y], [[X, Y], Y]]]]]], [X, [X, Y]]]]"
15,8,7,1801.0 / 1614412800,"[X, [X, [X, [[X, Y], [[X, Y], [[[X, Y], [[X, Y], Y]], [[X, Y], Y]]]]]]]"
15,8,7,1291.0 / 1452971520,"[X, [X, [[X, [[X, Y], [[X, Y], [[X, Y], [[[X, Y], Y], Y]]]]], [X, Y]]]]"
15,7,8,1457.0 / 1729728000,"[X, [X, [X, [[X, Y], [[X, Y], [[X, Y], [[[[[X, Y], Y], Y], Y], Y]]]]]]]"
15,9,6,-8171.0 / 87178291200,"[X, [[X, [X, [[X, Y], [[X, Y], [[X, Y], Y]]]]], [X, [X, [[X, Y], Y]]]]]"
15,9,6,-50777.0 / 43589145600,"[X, [[X, [X, [[X, Y], [[X, Y], [[X, Y], Y]]]]], [[X, [X, Y]], [X, Y]]]]"
15,8,7,43.0 / 908107200,"[X, [X, [[X, [[X, Y], [[X, Y], [[X, Y], Y]]]], [X, [[[X, Y], Y], Y]]]]]"
15,9,6,-109.0 / 18345600,"[X, [[X, [[X, [[X, Y], [[X, Y], [[X, Y], Y]]]], [X, Y]]], [X, [X, Y]]]]"
15,8,7,-41687.0 / 14529715200,"[X, [X, [X, [[[X, Y], [[X, Y], [[X, Y], Y]]], [[X, Y], [[X, Y], Y]]]]]]"
15,8,7,-99587.0 / 14529715200,"[X, [X, [[X, [[X, Y], [[[X, Y], [[X, Y], Y]], [[X, Y], Y]]]], [X, Y]]]]"
15,7,8,47.0 / 129729600,"[X, [X, [X, [[X, Y], [[X, Y], [[[X, Y], Y], [[[[X, Y], Y], Y], Y]]]]]]]"
15,9,6,-3011.0 / 13076743680,"[[X, [X, [X, [[X, Y], [[X, Y], [[[X, Y], Y], Y]]]]]], [X, [X, [X, Y]]]]"
15,8,7,-127.0 / 110073600,"[X, [X, [[X, [[X, Y], [[X, Y], [[[X, Y], Y], Y]]]], [X, [[X, Y], Y]]]]]"
15,8,7,-199.0 / 31046400,"[X, [X, [[[X, [[X, Y], [[X, Y], [[[X, Y], Y], Y]]]], [X, Y]], [X, Y]]]]"
15,7,8,-4283.0 / 1556755200,"[X, [X, [X, [[X, Y], [[[X, Y], [[[X, Y], Y], Y]], [[[X, Y], Y], Y]]]]]]"
15,8,7,-10139.0 / 6706022400,"[X, [[X, [X, [[X, Y], [[X, Y], [[[[X, Y], Y], Y], Y]]]]], [X, [X, Y]]]]"
15,7,8,-5699.0 / 1037836800,"[X, [X, [X, [[X, Y], [[[X, Y], [[[[X, Y], Y], Y], Y]], [[X, Y], Y]]]]]]"
15,7,8,-14771.0 / 5189184000,"[X, [X, [[X, [[X, Y], [[X, Y], [[[[[X, Y], Y], Y], Y], Y]]]], [X, Y]]]]"
15,6,9,-12139.0 / 31135104000,"[X, [X, [X, [[X, Y], [[X, Y], [[[[[[[X, Y], Y], Y], Y], Y], Y], Y]]]]]]"
15,9,6,2251.0 / 130767436800,"[[X, [X, [X, [[X, Y], [[X, Y], Y]]]]], [X, [X, [X, [[[X, Y], Y], Y]]]]]"
15,10,5,-593.0 / 18162144000,"[[X, [X, [X, [[X, Y], [[X, Y], Y]]]]], [[X, [X, [X, Y]]], [X, [X, Y]]]]"
15,9,6,61.0 / 87178291200,"[[X, [X, [X, [[X, Y], [[X, Y], Y]]]]], [X, [X, [[X, Y], [[X, Y], Y]]]]]"
15,9,6,137.0 / 670602240,"[X, [[X, [X, [[X, Y], [[X, Y], Y]]]], [X, [[X, [[X, Y], Y]], [X, Y]]]]]"
15,8,7,179.0 / 1743565824,"[X, [[X, [X, [[X, Y], [[X, Y], Y]]]], [X, [X, [[[[X, Y], Y], Y], Y]]]]]"
15,10,5,-1049.0 / 7264857600,"[[X, [[X, [X, [[X, Y], [[X, Y], Y]]]], [X, [X, Y]]]], [X, [X, [X, Y]]]]"
15,9,6,-31.0 / 377395200,"[X, [[X, [X, [[X, Y], [[X, Y], Y]]]], [[X, [X, Y]], [X, [[X, Y], Y]]]]]"
15,9,6,-623.0 / 889574400,"[X, [[X, [X, [[X, Y], [[X, Y], Y]]]], [[[X, [X, Y]], [X, Y]], [X, Y]]]]"
15,8,7,-7793.0 / 21794572800,"[X, [X, [[X, [[X, Y], [[X, Y], Y]]], [X, [[X, Y], [[[X, Y], Y], Y]]]]]]"
15,9,6,-977.0 / 14529715200,"[X, [[X, [[X, [[X, Y], [[X, Y], Y]]], [X, [[X, Y], Y]]]], [X, [X, Y]]]]"
15,8,7,379.0 / 264176640,"[X, [X, [[X, [[X, Y], [[X, Y], Y]]], [[X, [[X, Y], Y]], [[X, Y], Y]]]]]"
15,8,7,8791.0 / 2724321600,"[X, [X, [[X, [[X, Y], [[X, Y], Y]]], [[X, [[[X, Y], Y], Y]], [X, Y]]]]]"
15,7,8,3739.0 / 5189184000,"[X, [X, [[X, [[X, Y], [[X, Y], Y]]], [X, [[[[[X, Y], Y], Y], Y], Y]]]]]"
15,9,6,-1093.0 / 4151347200,"[X, [[X, [[X, [[X, Y], [[X, Y], Y]]], [X, Y]]], [X, [X, [[X, Y], Y]]]]]"
15,9,6,-36097.0 / 14529715200,"[X, [[X, [[X, [[X, Y], [[X, Y], Y]]], [X, Y]]], [[X, [X, Y]], [X, Y]]]]"
15,8,7,551.0 / 403603200,"[X, [X, [[[X, [[X, Y], [[X, Y], Y]]], [X, Y]], [X, [[[X, Y], Y], Y]]]]]"
15,9,6,-47657.0 / 7264857600,"[X, [[X, [[[X, [[X, Y], [[X, Y], Y]]], [X, Y]], [X, Y]]], [X, [X, Y]]]]"
15,8,7,-6499.0 / 1452971520,"[X, [X, [[X, [[X, Y], [[X, Y], Y]]], [[X, Y], [[X, Y], [[X, Y], Y]]]]]]"
15,8,7,-27109.0 / 4843238400,"[X, [X, [[[X, [[X, Y], [[X, Y], Y]]], [[X, Y], [[X, Y], Y]]], [X, Y]]]]"
15,7,8,-1.0 / 322560,"[X, [X, [X, [[[X, Y], [[X, Y], Y]], [[X, Y], [[[[X, Y], Y], Y], Y]]]]]]"
15,9,6,1609.0 / 21794572800,"[[X, [X, [X, [[[X, Y], [[X, Y], Y]], [[X, Y], Y]]]]], [X, [X, [X, Y]]]]"
15,8,7,683.0 / 1210809600,"[X, [X, [[X, [[[X, Y], [[X, Y], Y]], [[X, Y], Y]]], [X, [[X, Y], Y]]]]]"
15,8,7,-3097.0 / 2421619200,"[X, [X, [[[X, [[[X, Y], [[X, Y], Y]], [[X, Y], Y]]], [X, Y]], [X, Y]]]]"
15,7,8,1021.0 / 518918400,"[X, [X, [X, [[X, Y], [[[X, Y], Y], [[[X, Y], Y], [[[X, Y], Y], Y]]]]]]]"
15,8,7,-697.0 / 1614412800,"[X, [[X, [X, [[X, Y], [[[X, Y], Y], [[[X, Y], Y], Y]]]]], [X, [X, Y]]]]"
15,7,8,31.0 / 23063040,"[X, [X, [X, [[[X, Y], [[[X, Y], Y], [[[X, Y], Y], Y]]], [[X, Y], Y]]]]]"
15,7,8,-203.0 / 74131200,"[X, [X, [[X, [[X, Y], [[[X, Y], Y], [[[[X, Y], Y], Y], Y]]]], [X, Y]]]]"
15,6,9,-53507.0 / 62270208000,"[X, [X, [X, [[X, Y], [[[X, Y], Y], [[[[[[X, Y], Y], Y], Y], Y], Y]]]]]]"
15,9,6,-3881.0 / 130767436800,"[[X, [X, [X, [[X, Y], [[[X, Y], Y], Y]]]]], [X, [X, [X, [[X, Y], Y]]]]]"
15,9,6,1187.0 / 32691859200,"[[X, [X, [X, [[X, Y], [[[X, Y], Y], Y]]]]], [X, [[X, [X, Y]], [X, Y]]]]"
15,8,7,661.0 / 10897286400,"[X, [[X, [X, [[X, Y], [[[X, Y], Y], Y]]]], [X, [X, [[[X, Y], Y], Y]]]]]"
15,9,6,25.0 / 83026944,"[X, [[[X, [X, [[X, Y], [[[X, Y], Y], Y]]]], [X, [X, Y]]], [X, [X, Y]]]]"
15,8,7,113.0 / 2724321600,"[X, [[X, [X, [[X, Y], [[[X, Y], Y], Y]]]], [X, [[X, Y], [[X, Y], Y]]]]]"
15,8,7,137.0 / 67267200,"[X, [X, [[X, [[X, Y], [[[X, Y], Y], Y]]], [[X, [[X, Y], Y]], [X, Y]]]]]"
15,7,8,251.0 / 518918400,"[X, [X, [[X, [[X, Y], [[[X, Y], Y], Y]]], [X, [[[[X, Y], Y], Y], Y]]]]]"
15,9,6,1609.0 / 10897286400,"[[X, [X, [[X, [[X, Y], [[[X, Y], Y], Y]]], [X, Y]]]], [X, [X, [X, Y]]]]"
15,8,7,683.0 / 605404800,"[X, [X, [[[X, [[X, Y], [[[X, Y], Y], Y]]], [X, Y]], [X, [[X, Y], Y]]]]]"
15,8,7,-3097.0 / 3632428800,"[X, [X, [[[[X, [[X, Y], [[[X, Y], Y], Y]]], [X, Y]], [X, Y]], [X, Y]]]]"
15,7,8,29.0 / 103783680,"[X, [X, [[X, [[X, Y], [[[X, Y], Y], Y]]], [[X, Y], [[[X, Y], Y], Y]]]]]"
15,8,7,6169.0 / 1981324800,"[X, [[X, [X, [[[X, Y], [[[X, Y], Y], Y]], [[X, Y], Y]]]], [X, [X, Y]]]]"
15,7,8,7417.0 / 1037836800,"[X, [X, [X, [[[[X, Y], [[[X, Y], Y], Y]], [[X, Y], Y]], [[X, Y], Y]]]]]"
15,7,8,265.0 / 62270208,"[X, [X, [[X, [[[X, Y], [[[X, Y], Y], Y]], [[[X, Y], Y], Y]]], [X, Y]]]]"
15,6,9,-673.0 / 1245404160,"[X, [X, [X, [[X, Y], [[[[X, Y], Y], Y], [[[[[X, Y], Y], Y], Y], Y]]]]]]"
15,8,7,443.0 / 43589145600,"[X, [[X, [X, [[X, Y], [[[[X, Y], Y], Y], Y]]]], [X, [X, [[X, Y], Y]]]]]"
15,8,7,12851.0 / 21794572800,"[X, [[X, [X, [[X, Y], [[[[X, Y], Y], Y], Y]]]], [[X, [X, Y]], [X, Y]]]]"
15,7,8,97.0 / 194594400,"[X, [X, [[X, [[X, Y], [[[[X, Y], Y], Y], Y]]], [X, [[[X, Y], Y], Y]]]]]"
15,8,7,47527.0 / 17435658240,"[X, [[X, [[X, [[X, Y], [[[[X, Y], Y], Y], Y]]], [X, Y]]], [X, [X, Y]]]]"
15,7,8,149.0 / 103783680,"[X, [X, [[X, [[X, Y], [[[[X, Y], Y], Y], Y]]], [[X, Y], [[X, Y], Y]]]]]"
15,7,8,9847.0 / 1037836800,"[X, [X, [[X, [[[X, Y], [[[[X, Y], Y], Y], Y]], [[X, Y], Y]]], [X, Y]]]]"
15,6,9,163.0 / 142331904,"[X, [X, [X, [[[X, Y], [[[[X, Y], Y], Y], Y]], [[[[X, Y], Y], Y], Y]]]]]"
15,8,7,21587.0 / 145297152000,"[[X, [X, [X, [[X, Y], [[[[[X, Y], Y], Y], Y], Y]]]]], [X, [X, [X, Y]]]]"
15,7,8,1447.0 / 1729728000,"[X, [X, [[X, [[X, Y], [[[[[X, Y], Y], Y], Y], Y]]], [X, [[X, Y], Y]]]]]"
15,7,8,5557.0 / 1729728000,"[X, [X, [[[X, [[X, Y], [[[[[X, Y], Y], Y], Y], Y]]], [X, Y]], [X, Y]]]]"
15,6,9,3301.0 / 1415232000,"[X, [X, [X, [[[X, Y], [[[[[X, Y], Y], Y], Y], Y]], [[[X, Y], Y], Y]]]]]"
15,7,8,21547.0 / 31135104000,"[X, [[X, [X, [[X, Y], [[[[[[X, Y], Y], Y], Y], Y], Y]]]], [X, [X, Y]]]]"
15,6,9,64003.0 / 31135104000,"[X, [X, [X, [[[X, Y], [[[[[[X, Y], Y], Y], Y], Y], Y]], [[X, Y], Y]]]]]"
15,6,9,9319.0 / 10378368000,"[X, [X, [[X, [[X, Y], [[[[[[[X, Y], Y], Y], Y], Y], Y], Y]]], [X, Y]]]]"
15,5,10,31781.0 / 523069747200,"[X, [X, [X, [[X, Y], [[[[[[[[[X, Y], Y], Y], Y], Y], Y], Y], Y], Y]]]]]"
15,10,5,-353.0 / 18162144000,"[[X, [X, [X, [[X, Y], Y]]]], [X, [[X, [X, [[X, Y], Y]]], [X, [X, Y]]]]]"
15,9,6,-23.0 / 1089728640,"[[X, [X, [X, [[X, Y], Y]]]], [X, [X, [[X, [[X, Y], Y]], [[X, Y], Y]]]]]"
15,9,6,-1343.0 / 18681062400,"[[X, [X, [X, [[X, Y], Y]]]], [X, [X, [[X, [[[X, Y], Y], Y]], [X, Y]]]]]"
15,8,7,-331.0 / 19372953600,"[[X, [X, [X, [[X, Y], Y]]]], [X, [X, [X, [[[[[X, Y], Y], Y], Y], Y]]]]]"
15,10,5,-101.0 / 8717829120,"[[X, [X, [X, [[X, Y], Y]]]], [[X, [X, [X, Y]]], [X, [X, [[X, Y], Y]]]]]"
15,10,5,-239.0 / 6810804000,"[[X, [X, [X, [[X, Y], Y]]]], [X, [[X, [X, Y]], [[X, [X, Y]], [X, Y]]]]]"
15,9,6,-439.0 / 10897286400,"[[X, [X, [X, [[X, Y], Y]]]], [X, [[X, [X, Y]], [X, [[[X, Y], Y], Y]]]]]"
15,10,5,-191.0 / 3353011200,"[[X, [X, [X, [[X, Y], Y]]]], [[X, [[X, [X, Y]], [X, Y]]], [X, [X, Y]]]]"
15,9,6,71.0 / 2724321600,"[[X, [X, [X, [[X, Y], Y]]]], [X, [X, [[X, Y], [[X, Y], [[X, Y], Y]]]]]]"
15,9,6,-431.0 / 7264857600,"[[X, [X, [X, [[X, Y], Y]]]], [X, [[X, [[X, Y], [[X, Y], Y]]], [X, Y]]]]"
15,8,7,-1031.0 / 19372953600,"[[X, [X, [X, [[X, Y], Y]]]], [X, [X, [[X, Y], [[[[X, Y], Y], Y], Y]]]]]"
15,10,5,-61.0 / 6227020800,"[[[X, [X, [X, [[X, Y], Y]]]], [X, [X, [[X, Y], Y]]]], [X, [X, [X, Y]]]]"
15,9,6,4259.0 / 58118860800,"[X, [[X, [X, [[X, Y], Y]]], [[X, [X, [[X, Y], Y]]], [X, [[X, Y], Y]]]]]"
15,9,6,6997.0 / 9686476800,"[X, [[X, [X, [[X, Y], Y]]], [X, [[[X, [[X, Y], Y]], [X, Y]], [X, Y]]]]]"
15,8,7,2843.0 / 29059430400,"[X, [[X, [X, [[X, Y], Y]]], [X, [X, [[[X, Y], Y], [[[X, Y], Y], Y]]]]]]"
15,9,6,109.0 / 389188800,"[X, [[X, [X, [[X, Y], Y]]], [[X, [X, [[[X, Y], Y], Y]]], [X, [X, Y]]]]]"
15,8,7,479.0 / 889574400,"[X, [[X, [X, [[X, Y], Y]]], [X, [[X, [[[X, Y], Y], Y]], [[X, Y], Y]]]]]"
15,8,7,8713.0 / 17435658240,"[X, [[X, [X, [[X, Y], Y]]], [X, [[X, [[[[X, Y], Y], Y], Y]], [X, Y]]]]]"
15,7,8,1283.0 / 20756736000,"[X, [[X, [X, [[X, Y], Y]]], [X, [X, [[[[[[X, Y], Y], Y], Y], Y], Y]]]]]"
15,10,5,-23.0 / 168168000,"[[X, [[X, [X, [[X, Y], Y]]], [X, [X, Y]]]], [X, [[X, [X, Y]], [X, Y]]]]"
15,9,6,1571.0 / 14529715200,"[X, [[[X, [X, [[X, Y], Y]]], [X, [X, Y]]], [X, [X, [[[X, Y], Y], Y]]]]]"
15,10,5,-31.0 / 31449600,"[X, [[[[X, [X, [[X, Y], Y]]], [X, [X, Y]]], [X, [X, Y]]], [X, [X, Y]]]]"
15,9,6,-1.0 / 5765760,"[X, [[X, [X, [[X, Y], Y]]], [[X, [X, Y]], [X, [[X, Y], [[X, Y], Y]]]]]]"
15,9,6,491.0 / 1452971520,"[X, [[X, [X, [[X, Y], Y]]], [[X, [X, Y]], [[X, [[X, Y], Y]], [X, Y]]]]]"
15,8,7,62723.0 / 174356582400,"[X, [[X, [X, [[X, Y], Y]]], [[X, [X, Y]], [X, [[[[X, Y], Y], Y], Y]]]]]"
15,10,5,-2099.0 / 6227020800,"[[X, [[X, [X, [[X, Y], Y]]], [[X, [X, Y]], [X, Y]]]], [X, [X, [X, Y]]]]"
15,9,6,-113.0 / 223534080,"[X, [[X, [X, [[X, Y], Y]]], [[[X, [X, Y]], [X, Y]], [X, [[X, Y], Y]]]]]"
15,9,6,-2843.0 / 2905943040,"[X, [[X, [X, [[X, Y], Y]]], [[[[X, [X, Y]], [X, Y]], [X, Y]], [X, Y]]]]"
15,8,7,-5809.0 / 14529715200,"[X, [[X, [X, [[X, Y], Y]]], [X, [[X, Y], [[X, Y], [[[X, Y], Y], Y]]]]]]"
15,9,6,-5177.0 / 4843238400,"[X, [[[X, [X, [[X, Y], Y]]], [X, [[X, Y], [[X, Y], Y]]]], [X, [X, Y]]]]"
15,8,7,-2999.0 / 29059430400,"[X, [[X, [X, [[X, Y], Y]]], [X, [[[X, Y], [[X, Y], Y]], [[X, Y], Y]]]]]"
15,8,7,-2999.0 / 14529715200,"[X, [[X, [X, [[X, Y], Y]]], [[X, [[X, Y], [[[X, Y], Y], Y]]], [X, Y]]]]"
15,7,8,709.0 / 3459456000,"[X, [[X, [X, [[X, Y], Y]]], [X, [[X, Y], [[[[[X, Y], Y], Y], Y], Y]]]]]"
15,9,6,-17.0 / 726485760,"[[X, [[X, [X, [[X, Y], Y]]], [X, [[X, Y], Y]]]], [X, [X, [[X, Y], Y]]]]"
15,9,6,-599.0 / 745113600,"[X, [[[X, [X, [[X, Y], Y]]], [X, [[X, Y], Y]]], [[X, [X, Y]], [X, Y]]]]"
15,8,7,-43289.0 / 87178291200,"[X, [X, [[X, [[X, Y], Y]], [[X, [[X, Y], Y]], [X, [[[X, Y], Y], Y]]]]]]"
15,9,6,-4057.0 / 7264857600,"[X, [[X, [[X, [[X, Y], Y]], [[X, [[X, Y], Y]], [X, Y]]]], [X, [X, Y]]]]"
15,8,7,1657.0 / 880588800,"[X, [X, [[X, [[X, Y], Y]], [[X, [[X, Y], Y]], [[X, Y], [[X, Y], Y]]]]]]"
15,8,7,152651.0 / 29059430400,"[X, [X, [[X, [[X, Y], Y]], [[[X, [[X, Y], Y]], [[X, Y], Y]], [X, Y]]]]]"
15,7,8,-289.0 / 691891200,"[X, [X, [[X, [[X, Y], Y]], [X, [[[X, Y], Y], [[[[X, Y], Y], Y], Y]]]]]]"
15,9,6,71.0 / 1556755200,"[[X, [X, [[X, [[X, Y], Y]], [X, [[[X, Y], Y], Y]]]]], [X, [X, [X, Y]]]]"
15,8,7,-1229.0 / 87178291200,"[X, [[X, [[X, [[X, Y], Y]], [X, [[[X, Y], Y], Y]]]], [X, [[X, Y], Y]]]]"
15,8,7,6617.0 / 1117670400,"[X, [X, [[X, [[X, Y], Y]], [[[X, [[[X, Y], Y], Y]], [X, Y]], [X, Y]]]]]"
15,7,8,523.0 / 345945600,"[X, [X, [[X, [[X, Y], Y]], [[X, [[[X, Y], Y], Y]], [[[X, Y], Y], Y]]]]]"
15,8,7,149.0 / 178827264,"[X, [[X, [[X, [[X, Y], Y]], [X, [[[[X, Y], Y], Y], Y]]]], [X, [X, Y]]]]"
15,7,8,703.0 / 230630400,"[X, [X, [[X, [[X, Y], Y]], [[X, [[[[X, Y], Y], Y], Y]], [[X, Y], Y]]]]]"
15,7,8,259.0 / 98841600,"[X, [X, [[X, [[X, Y], Y]], [[X, [[[[[X, Y], Y], Y], Y], Y]], [X, Y]]]]]"
15,6,9,33349.0 / 145297152000,"[X, [X, [[X, [[X, Y], Y]], [X, [[[[[[[X, Y], Y], Y], Y], Y], Y], Y]]]]]"
15,9,6,-2663.0 / 65383718400,"[[X, [X, [[X, [[X, Y], Y]], [X, Y]]]], [X, [X, [X, [[[X, Y], Y], Y]]]]]"
15,10,5,-677.0 / 3302208000,"[[X, [X, [[X, [[X, Y], Y]], [X, Y]]]], [[X, [X, [X, Y]]], [X, [X, Y]]]]"
15,9,6,-2129.0 / 21794572800,"[[X, [X, [[X, [[X, Y], Y]], [X, Y]]]], [X, [X, [[X, Y], [[X, Y], Y]]]]]"
15,9,6,-29.0 / 396264960,"[[X, [X, [[X, [[X, Y], Y]], [X, Y]]]], [X, [[X, [[X, Y], Y]], [X, Y]]]]"
15,8,7,1387.0 / 5448643200,"[X, [[X, [[X, [[X, Y], Y]], [X, Y]]], [X, [X, [[[[X, Y], Y], Y], Y]]]]]"
15,10,5,-8927.0 / 7264857600,"[[X, [[X, [[X, [[X, Y], Y]], [X, Y]]], [X, [X, Y]]]], [X, [X, [X, Y]]]]"
15,9,6,-1193.0 / 1320883200,"[X, [[X, [[X, [[X, Y], Y]], [X, Y]]], [[X, [X, Y]], [X, [[X, Y], Y]]]]]"
15,9,6,-69551.0 / 21794572800,"[X, [[X, [[X, [[X, Y], Y]], [X, Y]]], [[[X, [X, Y]], [X, Y]], [X, Y]]]]"
15,8,7,-83.0 / 419126400,"[X, [[X, [[X, [[X, Y], Y]], [X, Y]]], [X, [[X, Y], [[[X, Y], Y], Y]]]]]"
15,9,6,-53.0 / 10762752,"[X, [[[X, [[X, [[X, Y], Y]], [X, Y]]], [X, [[X, Y], Y]]], [X, [X, Y]]]]"
15,8,7,2657.0 / 1816214400,"[X, [X, [[[X, [[X, Y], Y]], [X, Y]], [[X, [[X, Y], Y]], [[X, Y], Y]]]]]"
15,8,7,14059.0 / 2724321600,"[X, [X, [[[X, [[X, Y], Y]], [X, Y]], [[X, [[[X, Y], Y], Y]], [X, Y]]]]]"
15,7,8,23.0 / 12474000,"[X, [X, [[[X, [[X, Y], Y]], [X, Y]], [X, [[[[[X, Y], Y], Y], Y], Y]]]]]"
15,9,6,1.0 / 454053600,"[[X, [X, [[[X, [[X, Y], Y]], [X, Y]], [X, Y]]]], [X, [X, [[X, Y], Y]]]]"
15,9,6,-20281.0 / 2905943040,"[X, [[X, [[[X, [[X, Y], Y]], [X, Y]], [X, Y]]], [[X, [X, Y]], [X, Y]]]]"
15,8,7,-841.0 / 1452971520,"[X, [X, [[[[X, [[X, Y], Y]], [X, Y]], [X, Y]], [X, [[[X, Y], Y], Y]]]]]"
15,9,6,-21089.0 / 1816214400,"[X, [[X, [[[[X, [[X, Y], Y]], [X, Y]], [X, Y]], [X, Y]]], [X, [X, Y]]]]"
15,8,7,-2759.0 / 968647680,"[X, [X, [[X, [[X, Y], Y]], [[X, Y], [[X, Y], [[X, Y], [[X, Y], Y]]]]]]]"
15,8,7,-3001.0 / 165110400,"[X, [X, [[[X, [[X, Y], Y]], [[X, Y], [[X, Y], [[X, Y], Y]]]], [X, Y]]]]"
15,7,8,-337.0 / 129729600,"[X, [X, [[X, [[X, Y], Y]], [[X, Y], [[X, Y], [[[[X, Y], Y], Y], Y]]]]]]"
15,9,6,-881.0 / 1452971520,"[[X, [X, [[X, [[X, Y], Y]], [[X, Y], [[X, Y], Y]]]]], [X, [X, [X, Y]]]]"
15,8,7,-19351.0 / 9686476800,"[X, [[X, [[X, [[X, Y], Y]], [[X, Y], [[X, Y], Y]]]], [X, [[X, Y], Y]]]]"
15,8,7,-8017.0 / 302702400,"[X, [X, [[[[X, [[X, Y], Y]], [[X, Y], [[X, Y], Y]]], [X, Y]], [X, Y]]]]"
15,7,8,-229.0 / 148262400,"[X, [X, [[X, [[X, Y], Y]], [[X, Y], [[[X, Y], Y], [[[X, Y], Y], Y]]]]]]"
15,8,7,-36317.0 / 43589145600,"[X, [[X, [[X, [[X, Y], Y]], [[X, Y], [[[X, Y], Y], Y]]]], [X, [X, Y]]]]"
15,7,8,257.0 / 94348800,"[X, [X, [[X, [[X, Y], Y]], [[[X, Y], [[[X, Y], Y], Y]], [[X, Y], Y]]]]]"
15,7,8,17.0 / 6177600,"[X, [X, [[[X, [[X, Y], Y]], [[X, Y], [[[[X, Y], Y], Y], Y]]], [X, Y]]]]"
15,6,9,65539.0 / 62270208000,"[X, [X, [[X, [[X, Y], Y]], [[X, Y], [[[[[[X, Y], Y], Y], Y], Y], Y]]]]]"
15,9,6,-5609.0 / 43589145600,"[[X, [X, [[X, [[X, Y], Y]], [[X, Y], Y]]]], [X, [[X, [X, Y]], [X, Y]]]]"
15,8,7,-13.0 / 167650560,"[X, [[X, [[X, [[X, Y], Y]], [[X, Y], Y]]], [X, [X, [[[X, Y], Y], Y]]]]]"
15,9,6,-25243.0 / 9686476800,"[X, [[[X, [[X, [[X, Y], Y]], [[X, Y], Y]]], [X, [X, Y]]], [X, [X, Y]]]]"
15,8,7,-5657.0 / 7264857600,"[X, [[X, [[X, [[X, Y], Y]], [[X, Y], Y]]], [X, [[X, Y], [[X, Y], Y]]]]]"
15,8,7,-401.0 / 151351200,"[X, [[X, [[X, [[X, Y], Y]], [[X, Y], Y]]], [[X, [[X, Y], Y]], [X, Y]]]]"
15,7,8,131.0 / 276756480,"[X, [X, [[[X, [[X, Y], Y]], [[X, Y], Y]], [X, [[[[X, Y], Y], Y], Y]]]]]"
15,9,6,-817.0 / 605404800,"[[X, [X, [[[X, [[X, Y], Y]], [[X, Y], Y]], [X, Y]]]], [X, [X, [X, Y]]]]"
15,8,7,-16411.0 / 4151347200,"[X, [[X, [[[X, [[X, Y], Y]], [[X, Y], Y]], [X, Y]]], [X, [[X, Y], Y]]]]"
15,8,7,-124067.0 / 7264857600,"[X, [X, [[[[[X, [[X, Y], Y]], [[X, Y], Y]], [X, Y]], [X, Y]], [X, Y]]]]"
15,7,8,-239.0 / 94348800,"[X, [X, [[[X, [[X, Y], Y]], [[X, Y], Y]], [[X, Y], [[[X, Y], Y], Y]]]]]"
15,8,7,-19963.0 / 5811886080,"[X, [[X, [[[X, [[X, Y], Y]], [[X, Y], Y]], [[X, Y], Y]]], [X, [X, Y]]]]"
15,7,8,-1.0 / 450450,"[X, [X, [[[[X, [[X, Y], Y]], [[X, Y], Y]], [[X, Y], Y]], [[X, Y], Y]]]]"
15,7,8,-43.0 / 5930496,"[X, [X, [[X, [[[X, Y], Y], [[[X, Y], Y], [[[X, Y], Y], Y]]]], [X, Y]]]]"
15,6,9,-7493.0 / 4151347200,"[X, [X, [X, [[[X, Y], Y], [[[X, Y], Y], [[[[[X, Y], Y], Y], Y], Y]]]]]]"
15,8,7,-233.0 / 5811886080,"[[X, [X, [X, [[[X, Y], Y], [[[X, Y], Y], Y]]]]], [X, [X, [[X, Y], Y]]]]"
15,8,7,-397.0 / 605404800,"[X, [[X, [X, [[[X, Y], Y], [[[X, Y], Y], Y]]]], [[X, [X, Y]], [X, Y]]]]"
15,7,8,-61.0 / 1037836800,"[X, [X, [[X, [[[X, Y], Y], [[[X, Y], Y], Y]]], [X, [[[X, Y], Y], Y]]]]]"
15,8,7,-48743.0 / 14529715200,"[X, [[X, [[X, [[[X, Y], Y], [[[X, Y], Y], Y]]], [X, Y]]], [X, [X, Y]]]]"
15,7,8,-3079.0 / 1037836800,"[X, [X, [[X, [[[X, Y], Y], [[[X, Y], Y], Y]]], [[X, Y], [[X, Y], Y]]]]]"
15,7,8,-239.0 / 20756736,"[X, [X, [[[X, [[[X, Y], Y], [[[X, Y], Y], Y]]], [[X, Y], Y]], [X, Y]]]]"
15,6,9,-235.0 / 498161664,"[X, [X, [X, [[[X, Y], Y], [[[[X, Y], Y], Y], [[[[X, Y], Y], Y], Y]]]]]]"
15,8,7,2089.0 / 19372953600,"[[X, [X, [X, [[[X, Y], Y], [[[[X, Y], Y], Y], Y]]]]], [X, [X, [X, Y]]]]"
15,7,8,29.0 / 1383782400,"[X, [[X, [X, [[[X, Y], Y], [[[[X, Y], Y], Y], Y]]]], [X, [[X, Y], Y]]]]"
15,7,8,1171.0 / 1037836800,"[X, [X, [[[X, [[[X, Y], Y], [[[[X, Y], Y], Y], Y]]], [X, Y]], [X, Y]]]]"
15,6,9,601.0 / 239500800,"[X, [X, [X, [[[[X, Y], Y], [[[[X, Y], Y], Y], Y]], [[[X, Y], Y], Y]]]]]"
15,7,8,61.0 / 59304960,"[X, [[X, [X, [[[X, Y], Y], [[[[[X, Y], Y], Y], Y], Y]]]], [X, [X, Y]]]]"
15,6,9,9341.0 / 6918912000,"[X, [X, [[X, [[[X, Y], Y], [[[[[X, Y], Y], Y], Y], Y]]], [[X, Y], Y]]]]"
15,6,9,118631.0 / 62270208000,"[X, [X, [[X, [[[X, Y], Y], [[[[[[X, Y], Y], Y], Y], Y], Y]]], [X, Y]]]]"
15,5,10,419.0 / 2113413120,"[X, [X, [X, [[[X, Y], Y], [[[[[[[[X, Y], Y], Y], Y], Y], Y], Y], Y]]]]]"
15,8,7,3889.0 / 174356582400,"[[X, [X, [X, [[[X, Y], Y], Y]]]], [X, [X, [X, [[[[X, Y], Y], Y], Y]]]]]"
15,10,5,-229.0 / 3113510400,"[[[X, [X, [X, [[[X, Y], Y], Y]]]], [X, [X, [X, Y]]]], [X, [X, [X, Y]]]]"
15,9,6,941.0 / 43589145600,"[[X, [X, [X, [[[X, Y], Y], Y]]]], [X, [[X, [X, Y]], [X, [[X, Y], Y]]]]]"
15,9,6,-731.0 / 13076743680,"[[X, [X, [X, [[[X, Y], Y], Y]]]], [X, [[[X, [X, Y]], [X, Y]], [X, Y]]]]"
15,8,7,199.0 / 6227020800,"[[X, [X, [X, [[[X, Y], Y], Y]]]], [X, [X, [[X, Y], [[[X, Y], Y], Y]]]]]"
15,9,6,-233.0 / 4358914560,"[[X, [X, [X, [[[X, Y], Y], Y]]]], [[X, [X, [[X, Y], Y]]], [X, [X, Y]]]]"
15,8,7,-1159.0 / 29059430400,"[[X, [X, [X, [[[X, Y], Y], Y]]]], [X, [[X, [[X, Y], Y]], [[X, Y], Y]]]]"
15,8,7,2267.0 / 21794572800,"[X, [[X, [X, [[[X, Y], Y], Y]]], [X, [[X, [[[X, Y], Y], Y]], [X, Y]]]]]"
15,7,8,19.0 / 494208000,"[X, [[X, [X, [[[X, Y], Y], Y]]], [X, [X, [[[[[X, Y], Y], Y], Y], Y]]]]]"
15,9,6,-557.0 / 43589145600,"[[X, [[X, [X, [[[X, Y], Y], Y]]], [X, [X, Y]]]], [X, [X, [[X, Y], Y]]]]"
15,9,6,-9301.0 / 10897286400,"[X, [[X, [X, [[[X, Y], Y], Y]]], [[X, [X, Y]], [[X, [X, Y]], [X, Y]]]]]"
15,8,7,-19.0 / 1245404160,"[X, [[X, [X, [[[X, Y], Y], Y]]], [[X, [X, Y]], [X, [[[X, Y], Y], Y]]]]]"
15,9,6,-2819.0 / 1037836800,"[X, [[[X, [X, [[[X, Y], Y], Y]]], [[X, [X, Y]], [X, Y]]], [X, [X, Y]]]]"
15,8,7,-2399.0 / 6227020800,"[X, [[X, [X, [[[X, Y], Y], Y]]], [X, [[X, Y], [[X, Y], [[X, Y], Y]]]]]]"
15,8,7,-52771.0 / 43589145600,"[X, [[X, [X, [[[X, Y], Y], Y]]], [[X, [[X, Y], [[X, Y], Y]]], [X, Y]]]]"
15,7,8,109.0 / 2075673600,"[X, [[X, [X, [[[X, Y], Y], Y]]], [X, [[X, Y], [[[[X, Y], Y], Y], Y]]]]]"
15,9,6,-8513.0 / 43589145600,"[[X, [[X, [X, [[[X, Y], Y], Y]]], [X, [[X, Y], Y]]]], [X, [X, [X, Y]]]]"
15,8,7,-323.0 / 830269440,"[X, [[[X, [X, [[[X, Y], Y], Y]]], [X, [[X, Y], Y]]], [X, [[X, Y], Y]]]]"
15,8,7,-103547.0 / 43589145600,"[X, [[X, [X, [[[X, Y], Y], Y]]], [[[X, [[X, Y], Y]], [X, Y]], [X, Y]]]]"
15,7,8,-1.0 / 3773952,"[X, [[X, [X, [[[X, Y], Y], Y]]], [X, [[[X, Y], Y], [[[X, Y], Y], Y]]]]]"
15,8,7,-2371.0 / 4843238400,"[X, [[[X, [X, [[[X, Y], Y], Y]]], [X, [[[X, Y], Y], Y]]], [X, [X, Y]]]]"
15,7,8,2293.0 / 3113510400,"[X, [X, [[X, [[[X, Y], Y], Y]], [[X, [[[X, Y], Y], Y]], [[X, Y], Y]]]]]"
15,7,8,457.0 / 389188800,"[X, [X, [[X, [[[X, Y], Y], Y]], [[X, [[[[X, Y], Y], Y], Y]], [X, Y]]]]]"
15,6,9,1201.0 / 5660928000,"[X, [X, [[X, [[[X, Y], Y], Y]], [X, [[[[[[X, Y], Y], Y], Y], Y], Y]]]]]"
15,9,6,-211.0 / 718502400,"[[X, [X, [[X, [[[X, Y], Y], Y]], [X, Y]]]], [X, [[X, [X, Y]], [X, Y]]]]"
15,8,7,-487.0 / 4358914560,"[[X, [X, [[X, [[[X, Y], Y], Y]], [X, Y]]]], [X, [X, [[[X, Y], Y], Y]]]]"
15,9,6,-10013.0 / 1816214400,"[X, [[[X, [[X, [[[X, Y], Y], Y]], [X, Y]]], [X, [X, Y]]], [X, [X, Y]]]]"
15,8,7,-2489.0 / 1556755200,"[X, [[X, [[X, [[[X, Y], Y], Y]], [X, Y]]], [X, [[X, Y], [[X, Y], Y]]]]]"
15,8,7,-27793.0 / 5448643200,"[X, [[X, [[X, [[[X, Y], Y], Y]], [X, Y]]], [[X, [[X, Y], Y]], [X, Y]]]]"
15,7,8,961.0 / 2075673600,"[X, [X, [[[X, [[[X, Y], Y], Y]], [X, Y]], [X, [[[[X, Y], Y], Y], Y]]]]]"
15,9,6,-31021.0 / 21794572800,"[[X, [X, [[[X, [[[X, Y], Y], Y]], [X, Y]], [X, Y]]]], [X, [X, [X, Y]]]]"
15,8,7,-4303.0 / 1117670400,"[X, [[X, [[[X, [[[X, Y], Y], Y]], [X, Y]], [X, Y]]], [X, [[X, Y], Y]]]]"
15,8,7,-12097.0 / 1452971520,"[X, [X, [[[[[X, [[[X, Y], Y], Y]], [X, Y]], [X, Y]], [X, Y]], [X, Y]]]]"
15,7,8,-347.0 / 129729600,"[X, [X, [[X, [[[X, Y], Y], Y]], [[X, Y], [[X, Y], [[[X, Y], Y], Y]]]]]]"
15,8,7,-35359.0 / 6227020800,"[X, [[X, [[X, [[[X, Y], Y], Y]], [[X, Y], [[X, Y], Y]]]], [X, [X, Y]]]]"
15,7,8,-139.0 / 49420800,"[X, [X, [[X, [[[X, Y], Y], Y]], [[[X, Y], [[X, Y], Y]], [[X, Y], Y]]]]]"
15,7,8,-139.0 / 24710400,"[X, [X, [[[X, [[[X, Y], Y], Y]], [[X, Y], [[[X, Y], Y], Y]]], [X, Y]]]]"
15,6,9,6199.0 / 10378368000,"[X, [X, [[X, [[[X, Y], Y], Y]], [[X, Y], [[[[[X, Y], Y], Y], Y], Y]]]]]"
15,8,7,-29.0 / 2905943040,"[[X, [X, [[X, [[[X, Y], Y], Y]], [[X, Y], Y]]]], [X, [X, [[X, Y], Y]]]]"
15,8,7,-677.0 / 167650560,"[X, [[X, [[X, [[[X, Y], Y], Y]], [[X, Y], Y]]], [[X, [X, Y]], [X, Y]]]]"
15,7,8,-17.0 / 15724800,"[X, [[X, [[X, [[[X, Y], Y], Y]], [[X, Y], Y]]], [X, [[[X, Y], Y], Y]]]]"
15,8,7,-431009.0 / 21794572800,"[X, [[X, [[[X, [[[X, Y], Y], Y]], [[X, Y], Y]], [X, Y]]], [X, [X, Y]]]]"
15,7,8,-5113.0 / 345945600,"[X, [X, [[[X, [[[X, Y], Y], Y]], [[X, Y], Y]], [[X, Y], [[X, Y], Y]]]]]"
15,7,8,-25019.0 / 1037836800,"[X, [X, [[[[X, [[[X, Y], Y], Y]], [[X, Y], Y]], [[X, Y], Y]], [X, Y]]]]"
15,6,9,-5743.0 / 12454041600,"[X, [X, [[X, [[[X, Y], Y], Y]], [[[X, Y], Y], [[[[X, Y], Y], Y], Y]]]]]"
15,8,7,-13421.0 / 43589145600,"[[X, [X, [[X, [[[X, Y], Y], Y]], [[[X, Y], Y], Y]]]], [X, [X, [X, Y]]]]"
15,7,8,-179.0 / 207567360,"[X, [[X, [[X, [[[X, Y], Y], Y]], [[[X, Y], Y], Y]]], [X, [[X, Y], Y]]]]"
15,7,8,-17.0 / 1596672,"[X, [X, [[[[X, [[[X, Y], Y], Y]], [[[X, Y], Y], Y]], [X, Y]], [X, Y]]]]"
15,6,9,-12553.0 / 9340531200,"[X, [X, [[[X, [[[X, Y], Y], Y]], [[[X, Y], Y], Y]], [[[X, Y], Y], Y]]]]"
15,7,8,-397.0 / 1245404160,"[X, [[X, [X, [[[[X, Y], Y], Y], [[[[X, Y], Y], Y], Y]]]], [X, [X, Y]]]]"
15,6,9,-16157.0 / 12454041600,"[X, [X, [[X, [[[[X, Y], Y], Y], [[[[X, Y], Y], Y], Y]]], [[X, Y], Y]]]]"
15,6,9,2293.0 / 2075673600,"[X, [X, [[X, [[[[X, Y], Y], Y], [[[[[X, Y], Y], Y], Y], Y]]], [X, Y]]]]"
15,5,10,437.0 / 1320883200,"[X, [X, [X, [[[[X, Y], Y], Y], [[[[[[[X, Y], Y], Y], Y], Y], Y], Y]]]]]"
15,9,6,-1.0 / 15479100,"[[X, [X, [X, [[[[X, Y], Y], Y], Y]]]], [[X, [X, [X, Y]]], [X, [X, Y]]]]"
15,8,7,-2017.0 / 58118860800,"[[X, [X, [X, [[[[X, Y], Y], Y], Y]]]], [X, [X, [[X, Y], [[X, Y], Y]]]]]"
15,8,7,-29.0 / 5811886080,"[[X, [X, [X, [[[[X, Y], Y], Y], Y]]]], [X, [[X, [[X, Y], Y]], [X, Y]]]]"
15,7,8,193.0 / 24908083200,"[[X, [X, [X, [[[[X, Y], Y], Y], Y]]]], [X, [X, [[[[X, Y], Y], Y], Y]]]]"
15,9,6,-557.0 / 1362160800,"[[X, [[X, [X, [[[[X, Y], Y], Y], Y]]], [X, [X, Y]]]], [X, [X, [X, Y]]]]"
15,8,7,-61393.0 / 174356582400,"[X, [[X, [X, [[[[X, Y], Y], Y], Y]]], [[X, [X, Y]], [X, [[X, Y], Y]]]]]"
15,8,7,-7043.0 / 9686476800,"[X, [[X, [X, [[[[X, Y], Y], Y], Y]]], [[[X, [X, Y]], [X, Y]], [X, Y]]]]"
15,7,8,-809.0 / 6227020800,"[X, [[X, [X, [[[[X, Y], Y], Y], Y]]], [X, [[X, Y], [[[X, Y], Y], Y]]]]]"
15,8,7,-34051.0 / 29059430400,"[X, [[[X, [X, [[[[X, Y], Y], Y], Y]]], [X, [[X, Y], Y]]], [X, [X, Y]]]]"
15,7,8,-5.0 / 12773376,"[X, [[X, [X, [[[[X, Y], Y], Y], Y]]], [[X, [[X, Y], Y]], [[X, Y], Y]]]]"
15,7,8,-2033.0 / 3113510400,"[X, [[X, [X, [[[[X, Y], Y], Y], Y]]], [[X, [[[X, Y], Y], Y]], [X, Y]]]]"
15,6,9,199.0 / 2767564800,"[X, [X, [[X, [[[[X, Y], Y], Y], Y]], [X, [[[[[X, Y], Y], Y], Y], Y]]]]]"
15,8,7,19.0 / 593049600,"[[X, [X, [[X, [[[[X, Y], Y], Y], Y]], [X, Y]]]], [X, [X, [[X, Y], Y]]]]"
15,8,7,-3209.0 / 838252800,"[X, [[X, [[X, [[[[X, Y], Y], Y], Y]], [X, Y]]], [[X, [X, Y]], [X, Y]]]]"
15,7,8,-941.0 / 1037836800,"[X, [[X, [[X, [[[[X, Y], Y], Y], Y]], [X, Y]]], [X, [[[X, Y], Y], Y]]]]"
15,8,7,-808637.0 / 87178291200,"[X, [[X, [[[X, [[[[X, Y], Y], Y], Y]], [X, Y]], [X, Y]]], [X, [X, Y]]]]"
15,7,8,-661.0 / 172972800,"[X, [X, [[X, [[[[X, Y], Y], Y], Y]], [[X, Y], [[X, Y], [[X, Y], Y]]]]]]"
15,7,8,-4607.0 / 345945600,"[X, [X, [[[X, [[[[X, Y], Y], Y], Y]], [[X, Y], [[X, Y], Y]]], [X, Y]]]]"
15,6,9,-1669.0 / 4981616640,"[X, [X, [[X, [[[[X, Y], Y], Y], Y]], [[X, Y], [[[[X, Y], Y], Y], Y]]]]]"
15,8,7,-17789.0 / 29059430400,"[[X, [X, [[X, [[[[X, Y], Y], Y], Y]], [[X, Y], Y]]]], [X, [X, [X, Y]]]]"
15,7,8,-1139.0 / 691891200,"[X, [[X, [[X, [[[[X, Y], Y], Y], Y]], [[X, Y], Y]]], [X, [[X, Y], Y]]]]"
15,7,8,-21163.0 / 1037836800,"[X, [X, [[[[X, [[[[X, Y], Y], Y], Y]], [[X, Y], Y]], [X, Y]], [X, Y]]]]"
15,6,9,-10007.0 / 4151347200,"[X, [X, [[X, [[[[X, Y], Y], Y], Y]], [[[X, Y], Y], [[[X, Y], Y], Y]]]]]"
15,7,8,-10211.0 / 3113510400,"[X, [[X, [[X, [[[[X, Y], Y], Y], Y]], [[[X, Y], Y], Y]]], [X, [X, Y]]]]"
15,6,9,-9047.0 / 1245404160,"[X, [X, [[[X, [[[[X, Y], Y], Y], Y]], [[[X, Y], Y], Y]], [[X, Y], Y]]]]"
15,6,9,-2593.0 / 996323328,"[X, [X, [[[X, [[[[X, Y], Y], Y], Y]], [[[[X, Y], Y], Y], Y]], [X, Y]]]]"
15,5,10,1847.0 / 8302694400,"[X, [X, [X, [[[[[X, Y], Y], Y], Y], [[[[[[X, Y], Y], Y], Y], Y], Y]]]]]"
15,8,7,-8483.0 / 145297152000,"[[X, [X, [X, [[[[[X, Y], Y], Y], Y], Y]]]], [X, [[X, [X, Y]], [X, Y]]]]"
15,7,8,-71.0 / 3113510400,"[[X, [X, [X, [[[[[X, Y], Y], Y], Y], Y]]]], [X, [X, [[[X, Y], Y], Y]]]]"
15,8,7,-16957.0 / 16144128000,"[X, [[[X, [X, [[[[[X, Y], Y], Y], Y], Y]]], [X, [X, Y]]], [X, [X, Y]]]]"
15,7,8,-2993.0 / 10378368000,"[X, [[X, [X, [[[[[X, Y], Y], Y], Y], Y]]], [X, [[X, Y], [[X, Y], Y]]]]]"
15,7,8,-4079.0 / 5189184000,"[X, [[X, [X, [[[[[X, Y], Y], Y], Y], Y]]], [[X, [[X, Y], Y]], [X, Y]]]]"
15,6,9,-23.0 / 415134720,"[X, [[X, [X, [[[[[X, Y], Y], Y], Y], Y]]], [X, [[[[X, Y], Y], Y], Y]]]]"
15,8,7,-12851.0 / 24216192000,"[[X, [X, [[X, [[[[[X, Y], Y], Y], Y], Y]], [X, Y]]]], [X, [X, [X, Y]]]]"
15,7,8,-67.0 / 52416000,"[X, [[X, [[X, [[[[[X, Y], Y], Y], Y], Y]], [X, Y]]], [X, [[X, Y], Y]]]]"
15,7,8,-2551.0 / 471744000,"[X, [X, [[[[X, [[[[[X, Y], Y], Y], Y], Y]], [X, Y]], [X, Y]], [X, Y]]]]"
15,6,9,-4259.0 / 3459456000,"[X, [X, [[X, [[[[[X, Y], Y], Y], Y], Y]], [[X, Y], [[[X, Y], Y], Y]]]]]"
15,7,8,-1223.0 / 399168000,"[X, [[X, [[X, [[[[[X, Y], Y], Y], Y], Y]], [[X, Y], Y]]], [X, [X, Y]]]]"
15,6,9,-9457.0 / 2965248000,"[X, [X, [[[X, [[[[[X, Y], Y], Y], Y], Y]], [[X, Y], Y]], [[X, Y], Y]]]]"
15,6,9,-26711.0 / 5189184000,"[X, [X, [[[X, [[[[[X, Y], Y], Y], Y], Y]], [[[X, Y], Y], Y]], [X, Y]]]]"
15,5,10,-4139.0 / 20756736000,"[X, [X, [[X, [[[[[X, Y], Y], Y], Y], Y]], [[[[[X, Y], Y], Y], Y], Y]]]]"
15,7,8,229.0 / 31135104000,"[[X, [X, [X, [[[[[[X, Y], Y], Y], Y], Y], Y]]]], [X, [X, [[X, Y], Y]]]]"
15,7,8,-2059.0 / 4447872000,"[X, [[X, [X, [[[[[[X, Y], Y], Y], Y], Y], Y]]], [[X, [X, Y]], [X, Y]]]]"
15,6,9,-59.0 / 622702080,"[X, [[X, [X, [[[[[[X, Y], Y], Y], Y], Y], Y]]], [X, [[[X, Y], Y], Y]]]]"
15,7,8,-34499.0 / 15567552000,"[X, [[X, [[X, [[[[[[X, Y], Y], Y], Y], Y], Y]], [X, Y]]], [X, [X, Y]]]]"
15,6,9,-95441.0 / 62270208000,"[X, [X, [[X, [[[[[[X, Y], Y], Y], Y], Y], Y]], [[X, Y], [[X, Y], Y]]]]]"
15,6,9,-10273.0 / 2395008000,"[X, [X, [[[X, [[[[[[X, Y], Y], Y], Y], Y], Y]], [[X, Y], Y]], [X, Y]]]]"
15,5,10,-4987.0 / 12454041600,"[X, [X, [[X, [[[[[[X, Y], Y], Y], Y], Y], Y]], [[[[X, Y], Y], Y], Y]]]]"
15,7,8,-1.0 / 21772800,"[[X, [X, [X, [[[[[[[X, Y], Y], Y], Y], Y], Y], Y]]]], [X, [X, [X, Y]]]]"
15,6,9,-149.0 / 1452971520,"[X, [[X, [X, [[[[[[[X, Y], Y], Y], Y], Y], Y], Y]]], [X, [[X, Y], Y]]]]"
15,6,9,-4541.0 / 3459456000,"[X, [X, [[[X, [[[[[[[X, Y], Y], Y], Y], Y], Y], Y]], [X, Y]], [X, Y]]]]"
15,5,10,-7979.0 / 21794572800,"[X, [X, [[X, [[[[[[[X, Y], Y], Y], Y], Y], Y], Y]], [[[X, Y], Y], Y]]]]"
15,6,9,-5.0 / 36324288,"[X, [[X, [X, [[[[[[[[X, Y], Y], Y], Y], Y], Y], Y], Y]]], [X, [X, Y]]]]"
15,5,10,-14587.0 / 58118860800,"[X, [X, [[X, [[[[[[[[X, Y], Y], Y], Y], Y], Y], Y], Y]], [[X, Y], Y]]]]"
15,5,10,-32059.0 / 261534873600,"[X, [X, [[X, [[[[[[[[[X, Y], Y], Y], Y], Y], Y], Y], Y], Y]], [X, Y]]]]"
15,4,11,-1247.0 / 326918592000,"[X, [X, [X, [[[[[[[[[[[X, Y], Y], Y], Y], Y], Y], Y], Y], Y], Y], Y]]]]"
15,11,4,1709.0 / 21794572800,"[[X, [X, [X, Y]]], [[X, [X, [X, Y]]], [[X, [X, [X, Y]]], [X, [X, Y]]]]]"
15,10,5,61.0 / 1089728640,"[[X, [X, [X, Y]]], [[X, [X, [X, Y]]], [X, [X, [[X, Y], [[X, Y], Y]]]]]]"
15,10,5,659.0 / 990662400,"[[X, [X, [X, Y]]], [[X, [X, [X, Y]]], [X, [[X, [[X, Y], Y]], [X, Y]]]]]"
15,9,6,997.0 / 4086482400,"[[X, [X, [X, Y]]], [[X, [X, [X, Y]]], [X, [X, [[[[X, Y], Y], Y], Y]]]]]"
15,10,5,-1201.0 / 4358914560,"[[X, [X, [X, Y]]], [X, [[X, [X, Y]], [[X, [X, Y]], [X, [[X, Y], Y]]]]]]"
15,10,5,29.0 / 69189120,"[[X, [X, [X, Y]]], [X, [[X, [X, Y]], [[[X, [X, Y]], [X, Y]], [X, Y]]]]]"
15,9,6,-13289.0 / 65383718400,"[[X, [X, [X, Y]]], [X, [[X, [X, Y]], [X, [[X, Y], [[[X, Y], Y], Y]]]]]]"
15,10,5,3403.0 / 21794572800,"[[X, [X, [X, Y]]], [[X, [[X, [X, Y]], [X, [[X, Y], Y]]]], [X, [X, Y]]]]"
15,9,6,317.0 / 419126400,"[[X, [X, [X, Y]]], [X, [[X, [X, Y]], [[X, [[X, Y], Y]], [[X, Y], Y]]]]]"
15,9,6,112193.0 / 65383718400,"[[X, [X, [X, Y]]], [X, [[X, [X, Y]], [[X, [[[X, Y], Y], Y]], [X, Y]]]]]"
15,8,7,10667.0 / 29059430400,"[[X, [X, [X, Y]]], [X, [[X, [X, Y]], [X, [[[[[X, Y], Y], Y], Y], Y]]]]]"
15,10,5,61.0 / 1556755200,"[[X, [X, [X, Y]]], [[X, [[X, [X, Y]], [X, Y]]], [X, [X, [[X, Y], Y]]]]]"
15,10,5,-4883.0 / 10897286400,"[[X, [X, [X, Y]]], [[X, [[X, [X, Y]], [X, Y]]], [[X, [X, Y]], [X, Y]]]]"
15,9,6,73.0 / 161441280,"[[X, [X, [X, Y]]], [X, [[[X, [X, Y]], [X, Y]], [X, [[[X, Y], Y], Y]]]]]"
15,10,5,-1.0 / 943488,"[[X, [X, [X, Y]]], [[X, [[[X, [X, Y]], [X, Y]], [X, Y]]], [X, [X, Y]]]]"
15,9,6,-1291.0 / 10897286400,"[[X, [X, [X, Y]]], [X, [X, [[X, Y], [[X, Y], [[X, Y], [[X, Y], Y]]]]]]]"
15,9,6,-18181.0 / 10897286400,"[[X, [X, [X, Y]]], [X, [[X, [[X, Y], [[X, Y], [[X, Y], Y]]]], [X, Y]]]]"
15,8,7,-1741.0 / 3487131648,"[[X, [X, [X, Y]]], [X, [X, [[X, Y], [[X, Y], [[[[X, Y], Y], Y], Y]]]]]]"
15,9,6,23.0 / 3632428800,"[[X, [X, [X, Y]]], [X, [[X, [[X, Y], [[X, Y], Y]]], [X, [[X, Y], Y]]]]]"
15,9,6,-901.0 / 518918400,"[[X, [X, [X, Y]]], [X, [[[X, [[X, Y], [[X, Y], Y]]], [X, Y]], [X, Y]]]]"
15,8,7,-163.0 / 1117670400,"[[X, [X, [X, Y]]], [X, [X, [[X, Y], [[[X, Y], Y], [[[X, Y], Y], Y]]]]]]"
15,9,6,1769.0 / 8172964800,"[[X, [X, [X, Y]]], [[X, [X, [[X, Y], [[[X, Y], Y], Y]]]], [X, [X, Y]]]]"
15,8,7,21607.0 / 21794572800,"[[X, [X, [X, Y]]], [X, [X, [[[X, Y], [[[X, Y], Y], Y]], [[X, Y], Y]]]]]"
15,8,7,74377.0 / 87178291200,"[[X, [X, [X, Y]]], [X, [[X, [[X, Y], [[[[X, Y], Y], Y], Y]]], [X, Y]]]]"
15,7,8,1.0 / 4576000,"[[X, [X, [X, Y]]], [X, [X, [[X, Y], [[[[[[X, Y], Y], Y], Y], Y], Y]]]]]"
15,10,5,-61.0 / 778377600,"[[[X, [X, [X, Y]]], [X, [X, [[X, Y], Y]]]], [X, [[X, [X, Y]], [X, Y]]]]"
15,9,6,1901.0 / 65383718400,"[[X, [X, [X, Y]]], [[X, [X, [[X, Y], Y]]], [X, [X, [[[X, Y], Y], Y]]]]]"
15,10,5,-1283.0 / 1816214400,"[[X, [X, [X, Y]]], [[[X, [X, [[X, Y], Y]]], [X, [X, Y]]], [X, [X, Y]]]]"
15,9,6,-5809.0 / 21794572800,"[[X, [X, [X, Y]]], [[X, [X, [[X, Y], Y]]], [X, [[X, Y], [[X, Y], Y]]]]]"
15,9,6,-293.0 / 3113510400,"[[X, [X, [X, Y]]], [X, [[X, [[X, Y], Y]], [[X, [[X, Y], Y]], [X, Y]]]]]"
15,8,7,43553.0 / 174356582400,"[[X, [X, [X, Y]]], [X, [[X, [[X, Y], Y]], [X, [[[[X, Y], Y], Y], Y]]]]]"
15,9,6,-1229.0 / 990662400,"[[X, [X, [X, Y]]], [[X, [[X, [[X, Y], Y]], [X, Y]]], [X, [[X, Y], Y]]]]"
15,9,6,-35083.0 / 10897286400,"[[X, [X, [X, Y]]], [X, [[[[X, [[X, Y], Y]], [X, Y]], [X, Y]], [X, Y]]]]"
15,8,7,-8419.0 / 43589145600,"[[X, [X, [X, Y]]], [X, [[X, [[X, Y], Y]], [[X, Y], [[[X, Y], Y], Y]]]]]"
15,9,6,-30067.0 / 21794572800,"[[X, [X, [X, Y]]], [[X, [[X, [[X, Y], Y]], [[X, Y], Y]]], [X, [X, Y]]]]"
15,8,7,-9227.0 / 9686476800,"[[X, [X, [X, Y]]], [X, [[[X, [[X, Y], Y]], [[X, Y], Y]], [[X, Y], Y]]]]"
15,8,7,-12589.0 / 14529715200,"[[X, [X, [X, Y]]], [X, [[X, [[[X, Y], Y], [[[X, Y], Y], Y]]], [X, Y]]]]"
15,7,8,1721.0 / 5189184000,"[[X, [X, [X, Y]]], [X, [X, [[[X, Y], Y], [[[[[X, Y], Y], Y], Y], Y]]]]]"
15,9,6,-2369.0 / 65383718400,"[[[X, [X, [X, Y]]], [X, [X, [[[X, Y], Y], Y]]]], [X, [X, [[X, Y], Y]]]]"
15,9,6,-2129.0 / 2971987200,"[[X, [X, [X, Y]]], [[X, [X, [[[X, Y], Y], Y]]], [[X, [X, Y]], [X, Y]]]]"
15,8,7,-5657.0 / 43589145600,"[[X, [X, [X, Y]]], [[X, [X, [[[X, Y], Y], Y]]], [X, [[[X, Y], Y], Y]]]]"
15,9,6,-97277.0 / 32691859200,"[[X, [X, [X, Y]]], [[X, [[X, [[[X, Y], Y], Y]], [X, Y]]], [X, [X, Y]]]]"
15,8,7,-9809.0 / 6227020800,"[[X, [X, [X, Y]]], [X, [[X, [[[X, Y], Y], Y]], [[X, Y], [[X, Y], Y]]]]]"
15,8,7,-24071.0 / 4358914560,"[[X, [X, [X, Y]]], [X, [[[X, [[[X, Y], Y], Y]], [[X, Y], Y]], [X, Y]]]]"
15,7,8,-97.0 / 1556755200,"[[X, [X, [X, Y]]], [X, [X, [[[[X, Y], Y], Y], [[[[X, Y], Y], Y], Y]]]]]"
15,8,7,-26659.0 / 87178291200,"[[X, [X, [X, Y]]], [[X, [X, [[[[X, Y], Y], Y], Y]]], [X, [[X, Y], Y]]]]"
15,8,7,-229459.0 / 87178291200,"[[X, [X, [X, Y]]], [X, [[[X, [[[[X, Y], Y], Y], Y]], [X, Y]], [X, Y]]]]"
15,7,8,-37.0 / 40435200,"[[X, [X, [X, Y]]], [X, [[X, [[[[X, Y], Y], Y], Y]], [[[X, Y], Y], Y]]]]"
15,8,7,-8483.0 / 14529715200,"[[X, [X, [X, Y]]], [[X, [X, [[[[[X, Y], Y], Y], Y], Y]]], [X, [X, Y]]]]"
15,7,8,-641.0 / 741312000,"[[X, [X, [X, Y]]], [X, [[X, [[[[[X, Y], Y], Y], Y], Y]], [[X, Y], Y]]]]"
15,7,8,-59.0 / 92664000,"[[X, [X, [X, Y]]], [X, [[X, [[[[[[X, Y], Y], Y], Y], Y], Y]], [X, Y]]]]"
15,6,9,-1.0 / 24883200,"[[X, [X, [X, Y]]], [X, [X, [[[[[[[[X, Y], Y], Y], Y], Y], Y], Y], Y]]]]"
15,10,5,4951.0 / 72648576000,"[[[X, [X, [X, Y]]], [X, [X, Y]]], [X, [[X, [X, Y]], [X, [[X, Y], Y]]]]]"
15,10,5,-607.0 / 2594592000,"[[[X, [X, [X, Y]]], [X, [X, Y]]], [X, [[[X, [X, Y]], [X, Y]], [X, Y]]]]"
15,9,6,17.0 / 259459200,"[[[X, [X, [X, Y]]], [X, [X, Y]]], [X, [X, [[X, Y], [[[X, Y], Y], Y]]]]]"
15,10,5,-5497.0 / 18162144000,"[[[X, [X, [X, Y]]], [X, [X, Y]]], [[X, [X, [[X, Y], Y]]], [X, [X, Y]]]]"
15,9,6,-403.0 / 1117670400,"[[[X, [X, [X, Y]]], [X, [X, Y]]], [X, [[X, [[X, Y], Y]], [[X, Y], Y]]]]"
15,9,6,-127.0 / 161441280,"[[[X, [X, [X, Y]]], [X, [X, Y]]], [X, [[X, [[[X, Y], Y], Y]], [X, Y]]]]"
15,8,7,-47.0 / 293529600,"[[[X, [X, [X, Y]]], [X, [X, Y]]], [X, [X, [[[[[X, Y], Y], Y], Y], Y]]]]"
15,10,5,-41.0 / 1210809600,"[[[[X, [X, [X, Y]]], [X, [X, Y]]], [X, [X, Y]]], [X, [X, [[X, Y], Y]]]]"
15,10,5,-1453.0 / 1513512000,"[X, [[X, [X, Y]], [[X, [X, Y]], [[X, [X, Y]], [[X, [X, Y]], [X, Y]]]]]]"
15,9,6,-91271.0 / 43589145600,"[X, [[X, [X, Y]], [[X, [X, Y]], [[X, [X, Y]], [X, [[[X, Y], Y], Y]]]]]]"
15,10,5,5849.0 / 9081072000,"[[X, [[X, [X, Y]], [[X, [X, Y]], [[X, [X, Y]], [X, Y]]]]], [X, [X, Y]]]"
15,9,6,2747.0 / 1245404160,"[X, [[X, [X, Y]], [[X, [X, Y]], [X, [[X, Y], [[X, Y], [[X, Y], Y]]]]]]]"
15,9,6,10597.0 / 2905943040,"[X, [[X, [X, Y]], [[X, [X, Y]], [[X, [[X, Y], [[X, Y], Y]]], [X, Y]]]]]"
15,8,7,-4427.0 / 2905943040,"[X, [[X, [X, Y]], [[X, [X, Y]], [X, [[X, Y], [[[[X, Y], Y], Y], Y]]]]]]"
15,9,6,33977.0 / 29059430400,"[X, [[X, [X, Y]], [[[X, [X, Y]], [X, [[X, Y], Y]]], [X, [[X, Y], Y]]]]]"
15,9,6,5977.0 / 440294400,"[X, [[X, [X, Y]], [[X, [X, Y]], [[[X, [[X, Y], Y]], [X, Y]], [X, Y]]]]]"
15,8,7,9101.0 / 7264857600,"[X, [[X, [X, Y]], [[X, [X, Y]], [X, [[[X, Y], Y], [[[X, Y], Y], Y]]]]]]"
15,9,6,1399.0 / 1556755200,"[[X, [[X, [X, Y]], [[X, [X, Y]], [X, [[[X, Y], Y], Y]]]]], [X, [X, Y]]]"
15,8,7,16283.0 / 1816214400,"[X, [[X, [X, Y]], [[X, [X, Y]], [[X, [[[X, Y], Y], Y]], [[X, Y], Y]]]]]"
15,8,7,31939.0 / 3632428800,"[X, [[X, [X, Y]], [[X, [X, Y]], [[X, [[[[X, Y], Y], Y], Y]], [X, Y]]]]]"
15,7,8,17231.0 / 15567552000,"[X, [[X, [X, Y]], [[X, [X, Y]], [X, [[[[[[X, Y], Y], Y], Y], Y], Y]]]]]"
15,10,5,-577.0 / 6810804000,"[[X, [[X, [X, Y]], [[X, [X, Y]], [X, Y]]]], [X, [[X, [X, Y]], [X, Y]]]]"
15,9,6,-3551.0 / 32691859200,"[[X, [[X, [X, Y]], [[X, [X, Y]], [X, Y]]]], [X, [X, [[[X, Y], Y], Y]]]]"
15,10,5,1607.0 / 9081072000,"[[[X, [[X, [X, Y]], [[X, [X, Y]], [X, Y]]]], [X, [X, Y]]], [X, [X, Y]]]"
15,9,6,-2701.0 / 4358914560,"[X, [[X, [X, Y]], [[[X, [X, Y]], [X, Y]], [X, [[X, Y], [[X, Y], Y]]]]]]"
15,9,6,11009.0 / 2179457280,"[X, [[X, [X, Y]], [[[X, [X, Y]], [X, Y]], [[X, [[X, Y], Y]], [X, Y]]]]]"
15,8,7,997.0 / 330220800,"[X, [[X, [X, Y]], [[[X, [X, Y]], [X, Y]], [X, [[[[X, Y], Y], Y], Y]]]]]"
15,9,6,-29279.0 / 21794572800,"[X, [[X, [X, Y]], [[[[X, [X, Y]], [X, Y]], [X, Y]], [X, [[X, Y], Y]]]]]"
15,9,6,-7153.0 / 3113510400,"[X, [[X, [X, Y]], [[[[[X, [X, Y]], [X, Y]], [X, Y]], [X, Y]], [X, Y]]]]"
15,8,7,289.0 / 279417600,"[X, [[X, [X, Y]], [X, [[X, Y], [[X, Y], [[X, Y], [[[X, Y], Y], Y]]]]]]]"
15,9,6,-8993.0 / 10897286400,"[[X, [[X, [X, Y]], [X, [[X, Y], [[X, Y], [[X, Y], Y]]]]]], [X, [X, Y]]]"
15,8,7,-5647.0 / 1452971520,"[X, [[X, [X, Y]], [X, [[X, Y], [[[X, Y], [[X, Y], Y]], [[X, Y], Y]]]]]]"
15,8,7,-12239.0 / 1816214400,"[X, [[X, [X, Y]], [[X, [[X, Y], [[X, Y], [[[X, Y], Y], Y]]]], [X, Y]]]]"
15,7,8,-31.0 / 16473600,"[X, [[X, [X, Y]], [X, [[X, Y], [[X, Y], [[[[[X, Y], Y], Y], Y], Y]]]]]]"
15,9,6,-109.0 / 2724321600,"[[X, [[X, [X, Y]], [X, [[X, Y], [[X, Y], Y]]]]], [X, [X, [[X, Y], Y]]]]"
15,9,6,-1283.0 / 1556755200,"[X, [[[X, [X, Y]], [X, [[X, Y], [[X, Y], Y]]]], [[X, [X, Y]], [X, Y]]]]"
15,8,7,29.0 / 23284800,"[X, [[X, [X, Y]], [[X, [[X, Y], [[X, Y], Y]]], [X, [[[X, Y], Y], Y]]]]]"
15,9,6,-4013.0 / 3632428800,"[[X, [[X, [X, Y]], [[X, [[X, Y], [[X, Y], Y]]], [X, Y]]]], [X, [X, Y]]]"
15,8,7,-2941.0 / 1452971520,"[X, [[X, [X, Y]], [[X, [[X, Y], [[X, Y], Y]]], [[X, Y], [[X, Y], Y]]]]]"
15,8,7,1159.0 / 1816214400,"[X, [[X, [X, Y]], [[X, [[[X, Y], [[X, Y], Y]], [[X, Y], Y]]], [X, Y]]]]"
15,7,8,-3737.0 / 2075673600,"[X, [[X, [X, Y]], [X, [[X, Y], [[[X, Y], Y], [[[[X, Y], Y], Y], Y]]]]]]"
15,8,7,17.0 / 15523200,"[X, [[X, [X, Y]], [[X, [[X, Y], [[[X, Y], Y], Y]]], [X, [[X, Y], Y]]]]]"
15,8,7,1159.0 / 1816214400,"[X, [[X, [X, Y]], [[[X, [[X, Y], [[[X, Y], Y], Y]]], [X, Y]], [X, Y]]]]"
15,7,8,47.0 / 17107200,"[X, [[X, [X, Y]], [X, [[[X, Y], [[[X, Y], Y], Y]], [[[X, Y], Y], Y]]]]]"
15,8,7,151.0 / 227026800,"[[X, [[X, [X, Y]], [X, [[X, Y], [[[[X, Y], Y], Y], Y]]]]], [X, [X, Y]]]"
15,7,8,6263.0 / 1037836800,"[X, [[X, [X, Y]], [X, [[[X, Y], [[[[X, Y], Y], Y], Y]], [[X, Y], Y]]]]]"
15,7,8,4141.0 / 1037836800,"[X, [[X, [X, Y]], [[X, [[X, Y], [[[[[X, Y], Y], Y], Y], Y]]], [X, Y]]]]"
15,6,9,61283.0 / 108972864000,"[X, [[X, [X, Y]], [X, [[X, Y], [[[[[[[X, Y], Y], Y], Y], Y], Y], Y]]]]]"
15,9,6,-769.0 / 14529715200,"[[X, [[X, [X, Y]], [X, [[X, Y], Y]]]], [X, [X, [[X, Y], [[X, Y], Y]]]]]"
15,9,6,-199.0 / 2421619200,"[[X, [[X, [X, Y]], [X, [[X, Y], Y]]]], [X, [[X, [[X, Y], Y]], [X, Y]]]]"
15,8,7,-1853.0 / 174356582400,"[[X, [[X, [X, Y]], [X, [[X, Y], Y]]]], [X, [X, [[[[X, Y], Y], Y], Y]]]]"
15,9,6,137.0 / 29059430400,"[[X, [[X, [X, Y]], [X, [[X, Y], Y]]]], [[X, [X, Y]], [X, [[X, Y], Y]]]]"
15,9,6,-6473.0 / 2905943040,"[X, [[[X, [X, Y]], [X, [[X, Y], Y]]], [[[X, [X, Y]], [X, Y]], [X, Y]]]]"
15,8,7,2083.0 / 21794572800,"[X, [[[X, [X, Y]], [X, [[X, Y], Y]]], [X, [[X, Y], [[[X, Y], Y], Y]]]]]"
15,9,6,-509.0 / 1452971520,"[[X, [[[X, [X, Y]], [X, [[X, Y], Y]]], [X, [[X, Y], Y]]]], [X, [X, Y]]]"
15,8,7,281.0 / 193729536,"[X, [[X, [X, Y]], [[X, [[X, Y], Y]], [[X, [[X, Y], Y]], [[X, Y], Y]]]]]"
15,8,7,8501.0 / 2179457280,"[X, [[X, [X, Y]], [[X, [[X, Y], Y]], [[X, [[[X, Y], Y], Y]], [X, Y]]]]]"
15,7,8,11383.0 / 10378368000,"[X, [[X, [X, Y]], [[X, [[X, Y], Y]], [X, [[[[[X, Y], Y], Y], Y], Y]]]]]"
15,9,6,-421.0 / 21794572800,"[[X, [[X, [X, Y]], [[X, [[X, Y], Y]], [X, Y]]]], [X, [X, [[X, Y], Y]]]]"
15,9,6,-21157.0 / 2724321600,"[X, [[[X, [X, Y]], [[X, [[X, Y], Y]], [X, Y]]], [[X, [X, Y]], [X, Y]]]]"
15,8,7,1207.0 / 1816214400,"[X, [[X, [X, Y]], [[[X, [[X, Y], Y]], [X, Y]], [X, [[[X, Y], Y], Y]]]]]"
15,9,6,-17819.0 / 3632428800,"[[X, [[X, [X, Y]], [[[X, [[X, Y], Y]], [X, Y]], [X, Y]]]], [X, [X, Y]]]"
15,8,7,-15649.0 / 1816214400,"[X, [[X, [X, Y]], [[X, [[X, Y], Y]], [[X, Y], [[X, Y], [[X, Y], Y]]]]]]"
15,8,7,-21491.0 / 908107200,"[X, [[X, [X, Y]], [[[X, [[X, Y], Y]], [[X, Y], [[X, Y], Y]]], [X, Y]]]]"
15,7,8,509.0 / 259459200,"[X, [[X, [X, Y]], [[X, [[X, Y], Y]], [[X, Y], [[[[X, Y], Y], Y], Y]]]]]"
15,8,7,-37889.0 / 14529715200,"[X, [[[X, [X, Y]], [[X, [[X, Y], Y]], [[X, Y], Y]]], [X, [[X, Y], Y]]]]"
15,8,7,-17917.0 / 726485760,"[X, [[X, [X, Y]], [[[[X, [[X, Y], Y]], [[X, Y], Y]], [X, Y]], [X, Y]]]]"
15,7,8,-1.0 / 249600,"[X, [[X, [X, Y]], [X, [[[X, Y], Y], [[[X, Y], Y], [[[X, Y], Y], Y]]]]]]"
15,8,7,-1.0 / 2540160,"[[X, [[X, [X, Y]], [X, [[[X, Y], Y], [[[X, Y], Y], Y]]]]], [X, [X, Y]]]"
15,7,8,-139.0 / 25945920,"[X, [[X, [X, Y]], [[X, [[[X, Y], Y], [[[X, Y], Y], Y]]], [[X, Y], Y]]]]"
15,7,8,4393.0 / 2075673600,"[X, [[X, [X, Y]], [[X, [[[X, Y], Y], [[[[X, Y], Y], Y], Y]]], [X, Y]]]]"
15,6,9,7.0 / 5791500,"[X, [[X, [X, Y]], [X, [[[X, Y], Y], [[[[[[X, Y], Y], Y], Y], Y], Y]]]]]"
15,9,6,-1277.0 / 7264857600,"[[X, [[X, [X, Y]], [X, [[[X, Y], Y], Y]]]], [X, [[X, [X, Y]], [X, Y]]]]"
15,8,7,-2833.0 / 43589145600,"[[X, [[X, [X, Y]], [X, [[[X, Y], Y], Y]]]], [X, [X, [[[X, Y], Y], Y]]]]"
15,9,6,-1093.0 / 2421619200,"[[[X, [[X, [X, Y]], [X, [[[X, Y], Y], Y]]]], [X, [X, Y]]], [X, [X, Y]]]"
15,8,7,-697.0 / 660441600,"[X, [[[X, [X, Y]], [X, [[[X, Y], Y], Y]]], [X, [[X, Y], [[X, Y], Y]]]]]"
15,8,7,-95.0 / 24216192,"[X, [[[X, [X, Y]], [X, [[[X, Y], Y], Y]]], [[X, [[X, Y], Y]], [X, Y]]]]"
15,7,8,563.0 / 1556755200,"[X, [[X, [X, Y]], [[X, [[[X, Y], Y], Y]], [X, [[[[X, Y], Y], Y], Y]]]]]"
15,8,7,-2315.0 / 435891456,"[X, [[[X, [X, Y]], [[X, [[[X, Y], Y], Y]], [X, Y]]], [X, [[X, Y], Y]]]]"
15,8,7,-3781.0 / 227026800,"[X, [[X, [X, Y]], [[[[X, [[[X, Y], Y], Y]], [X, Y]], [X, Y]], [X, Y]]]]"
15,7,8,-103.0 / 39916800,"[X, [[X, [X, Y]], [[X, [[[X, Y], Y], Y]], [[X, Y], [[[X, Y], Y], Y]]]]]"
15,8,7,-19.0 / 5675670,"[[X, [[X, [X, Y]], [[X, [[[X, Y], Y], Y]], [[X, Y], Y]]]], [X, [X, Y]]]"
15,7,8,-12697.0 / 1037836800,"[X, [[X, [X, Y]], [[[X, [[[X, Y], Y], Y]], [[X, Y], Y]], [[X, Y], Y]]]]"
15,7,8,-631.0 / 57657600,"[X, [[X, [X, Y]], [[[X, [[[X, Y], Y], Y]], [[[X, Y], Y], Y]], [X, Y]]]]"
15,6,9,2461.0 / 3113510400,"[X, [[X, [X, Y]], [X, [[[[X, Y], Y], Y], [[[[[X, Y], Y], Y], Y], Y]]]]]"
15,8,7,5.0 / 634023936,"[[X, [[X, [X, Y]], [X, [[[[X, Y], Y], Y], Y]]]], [X, [X, [[X, Y], Y]]]]"
15,8,7,-10753.0 / 3962649600,"[X, [[[X, [X, Y]], [X, [[[[X, Y], Y], Y], Y]]], [[X, [X, Y]], [X, Y]]]]"
15,7,8,-4297.0 / 6227020800,"[X, [[[X, [X, Y]], [X, [[[[X, Y], Y], Y], Y]]], [X, [[[X, Y], Y], Y]]]]"
15,8,7,-1361.0 / 403603200,"[[X, [[X, [X, Y]], [[X, [[[[X, Y], Y], Y], Y]], [X, Y]]]], [X, [X, Y]]]"
15,7,8,-23.0 / 3326400,"[X, [[X, [X, Y]], [[X, [[[[X, Y], Y], Y], Y]], [[X, Y], [[X, Y], Y]]]]]"
15,7,8,-211.0 / 9884160,"[X, [[X, [X, Y]], [[[X, [[[[X, Y], Y], Y], Y]], [[X, Y], Y]], [X, Y]]]]"
15,6,9,-71.0 / 51891840,"[X, [[X, [X, Y]], [[X, [[[[X, Y], Y], Y], Y]], [[[[X, Y], Y], Y], Y]]]]"
15,7,8,-31.0 / 31933440,"[X, [[[X, [X, Y]], [X, [[[[[X, Y], Y], Y], Y], Y]]], [X, [[X, Y], Y]]]]"
15,7,8,-9133.0 / 1037836800,"[X, [[X, [X, Y]], [[[X, [[[[[X, Y], Y], Y], Y], Y]], [X, Y]], [X, Y]]]]"
15,6,9,-21391.0 / 7783776000,"[X, [[X, [X, Y]], [[X, [[[[[X, Y], Y], Y], Y], Y]], [[[X, Y], Y], Y]]]]"
15,7,8,-281.0 / 648648000,"[[X, [[X, [X, Y]], [X, [[[[[[X, Y], Y], Y], Y], Y], Y]]]], [X, [X, Y]]]"
15,6,9,-12151.0 / 5189184000,"[X, [[X, [X, Y]], [[X, [[[[[[X, Y], Y], Y], Y], Y], Y]], [[X, Y], Y]]]]"
15,6,9,-160157.0 / 108972864000,"[X, [[X, [X, Y]], [[X, [[[[[[[X, Y], Y], Y], Y], Y], Y], Y]], [X, Y]]]]"
15,5,10,-36823.0 / 523069747200,"[X, [[X, [X, Y]], [X, [[[[[[[[[X, Y], Y], Y], Y], Y], Y], Y], Y], Y]]]]"
15,10,5,-797.0 / 4358914560,"[[X, [[X, [X, Y]], [X, Y]]], [[X, [[X, [X, Y]], [X, Y]]], [X, [X, Y]]]]"
15,9,6,-13.0 / 67060224,"[[X, [[X, [X, Y]], [X, Y]]], [X, [X, [[X, Y], [[X, Y], [[X, Y], Y]]]]]]"
15,9,6,-173.0 / 660441600,"[[X, [[X, [X, Y]], [X, Y]]], [X, [[X, [[X, Y], [[X, Y], Y]]], [X, Y]]]]"
15,8,7,12893.0 / 87178291200,"[[X, [[X, [X, Y]], [X, Y]]], [X, [X, [[X, Y], [[[[X, Y], Y], Y], Y]]]]]"
15,9,6,-1.0 / 11860992,"[[X, [[X, [X, Y]], [X, Y]]], [[X, [X, [[X, Y], Y]]], [X, [[X, Y], Y]]]]"
15,9,6,-1091.0 / 1037836800,"[[X, [[X, [X, Y]], [X, Y]]], [X, [[[X, [[X, Y], Y]], [X, Y]], [X, Y]]]]"
15,8,7,-1073.0 / 14529715200,"[[X, [[X, [X, Y]], [X, Y]]], [X, [X, [[[X, Y], Y], [[[X, Y], Y], Y]]]]]"
15,9,6,-947.0 / 2421619200,"[[X, [[X, [X, Y]], [X, Y]]], [[X, [X, [[[X, Y], Y], Y]]], [X, [X, Y]]]]"
15,8,7,-14831.0 / 21794572800,"[[X, [[X, [X, Y]], [X, Y]]], [X, [[X, [[[X, Y], Y], Y]], [[X, Y], Y]]]]"
15,8,7,-29999.0 / 43589145600,"[[X, [[X, [X, Y]], [X, Y]]], [X, [[X, [[[[X, Y], Y], Y], Y]], [X, Y]]]]"
15,7,8,-229.0 / 2594592000,"[[X, [[X, [X, Y]], [X, Y]]], [X, [X, [[[[[[X, Y], Y], Y], Y], Y], Y]]]]"
15,9,6,-17.0 / 89812800,"[[[X, [[X, [X, Y]], [X, Y]]], [X, [X, Y]]], [X, [X, [[[X, Y], Y], Y]]]]"
15,10,5,389.0 / 660441600,"[[[[X, [[X, [X, Y]], [X, Y]]], [X, [X, Y]]], [X, [X, Y]]], [X, [X, Y]]]"
15,9,6,53.0 / 544864320,"[[X, [[X, [X, Y]], [X, Y]]], [[X, [X, Y]], [X, [[X, Y], [[X, Y], Y]]]]]"
15,9,6,-1279.0 / 1556755200,"[[X, [[X, [X, Y]], [X, Y]]], [[X, [X, Y]], [[X, [[X, Y], Y]], [X, Y]]]]"
15,8,7,-41113.0 / 87178291200,"[[X, [[X, [X, Y]], [X, Y]]], [[X, [X, Y]], [X, [[[[X, Y], Y], Y], Y]]]]"
15,9,6,881.0 / 807206400,"[X, [[[X, [X, Y]], [X, Y]], [[[X, [X, Y]], [X, Y]], [X, [[X, Y], Y]]]]]"
15,9,6,-2281.0 / 1037836800,"[X, [[[X, [X, Y]], [X, Y]], [[[[X, [X, Y]], [X, Y]], [X, Y]], [X, Y]]]]"
15,8,7,-13931.0 / 7264857600,"[X, [[[X, [X, Y]], [X, Y]], [X, [[X, Y], [[X, Y], [[[X, Y], Y], Y]]]]]]"
15,9,6,4373.0 / 10897286400,"[[X, [[[X, [X, Y]], [X, Y]], [X, [[X, Y], [[X, Y], Y]]]]], [X, [X, Y]]]"
15,8,7,4897.0 / 4843238400,"[X, [[[X, [X, Y]], [X, Y]], [X, [[[X, Y], [[X, Y], Y]], [[X, Y], Y]]]]]"
15,8,7,4897.0 / 2421619200,"[X, [[[X, [X, Y]], [X, Y]], [[X, [[X, Y], [[[X, Y], Y], Y]]], [X, Y]]]]"
15,7,8,727.0 / 518918400,"[X, [[[X, [X, Y]], [X, Y]], [X, [[X, Y], [[[[[X, Y], Y], Y], Y], Y]]]]]"
15,9,6,31.0 / 660441600,"[[X, [[[X, [X, Y]], [X, Y]], [X, [[X, Y], Y]]]], [X, [X, [[X, Y], Y]]]]"
15,9,6,401.0 / 1816214400,"[[X, [[[X, [X, Y]], [X, Y]], [X, [[X, Y], Y]]]], [[X, [X, Y]], [X, Y]]]"
15,8,7,1219.0 / 1614412800,"[X, [[[X, [X, Y]], [X, Y]], [[X, [[X, Y], Y]], [X, [[[X, Y], Y], Y]]]]]"
15,9,6,-1697.0 / 1089728640,"[[X, [[[X, [X, Y]], [X, Y]], [[X, [[X, Y], Y]], [X, Y]]]], [X, [X, Y]]]"
15,8,7,-26161.0 / 4843238400,"[X, [[[X, [X, Y]], [X, Y]], [[X, [[X, Y], Y]], [[X, Y], [[X, Y], Y]]]]]"
15,8,7,-63293.0 / 4843238400,"[X, [[[X, [X, Y]], [X, Y]], [[[X, [[X, Y], Y]], [[X, Y], Y]], [X, Y]]]]"
15,7,8,241.0 / 259459200,"[X, [[[X, [X, Y]], [X, Y]], [X, [[[X, Y], Y], [[[[X, Y], Y], Y], Y]]]]]"
15,8,7,-11983.0 / 7264857600,"[X, [[[[X, [X, Y]], [X, Y]], [X, [[[X, Y], Y], Y]]], [X, [[X, Y], Y]]]]"
15,8,7,-2273.0 / 161441280,"[X, [[[X, [X, Y]], [X, Y]], [[[X, [[[X, Y], Y], Y]], [X, Y]], [X, Y]]]]"
15,7,8,-4.0 / 1216215,"[X, [[[X, [X, Y]], [X, Y]], [[X, [[[X, Y], Y], Y]], [[[X, Y], Y], Y]]]]"
15,8,7,-16607.0 / 14529715200,"[[X, [[[X, [X, Y]], [X, Y]], [X, [[[[X, Y], Y], Y], Y]]]], [X, [X, Y]]]"
15,7,8,-3413.0 / 518918400,"[X, [[[X, [X, Y]], [X, Y]], [[X, [[[[X, Y], Y], Y], Y]], [[X, Y], Y]]]]"
15,7,8,-2923.0 / 518918400,"[X, [[[X, [X, Y]], [X, Y]], [[X, [[[[[X, Y], Y], Y], Y], Y]], [X, Y]]]]"
15,6,9,-4421.0 / 9081072000,"[X, [[[X, [X, Y]], [X, Y]], [X, [[[[[[[X, Y], Y], Y], Y], Y], Y], Y]]]]"
15,9,6,1327.0 / 21794572800,"[[X, [[[X, [X, Y]], [X, Y]], [X, Y]]], [X, [X, [[X, Y], [[X, Y], Y]]]]]"
15,9,6,-1.0 / 10886400,"[[X, [[[X, [X, Y]], [X, Y]], [X, Y]]], [X, [[X, [[X, Y], Y]], [X, Y]]]]"
15,8,7,-2641.0 / 29059430400,"[[X, [[[X, [X, Y]], [X, Y]], [X, Y]]], [X, [X, [[[[X, Y], Y], Y], Y]]]]"
15,9,6,317.0 / 2421619200,"[[X, [[[X, [X, Y]], [X, Y]], [X, Y]]], [[X, [X, Y]], [X, [[X, Y], Y]]]]"
15,9,6,233.0 / 622702080,"[[X, [[[X, [X, Y]], [X, Y]], [X, Y]]], [[[X, [X, Y]], [X, Y]], [X, Y]]]"
15,8,7,269.0 / 242161920,"[X, [[[[X, [X, Y]], [X, Y]], [X, Y]], [X, [[X, Y], [[[X, Y], Y], Y]]]]]"
15,9,6,883.0 / 1362160800,"[[X, [[[[X, [X, Y]], [X, Y]], [X, Y]], [X, [[X, Y], Y]]]], [X, [X, Y]]]"
15,8,7,-2887.0 / 1452971520,"[X, [[[[X, [X, Y]], [X, Y]], [X, Y]], [[X, [[X, Y], Y]], [[X, Y], Y]]]]"
15,8,7,-1847.0 / 363242880,"[X, [[[[X, [X, Y]], [X, Y]], [X, Y]], [[X, [[[X, Y], Y], Y]], [X, Y]]]]"
15,7,8,-859.0 / 648648000,"[X, [[[[X, [X, Y]], [X, Y]], [X, Y]], [X, [[[[[X, Y], Y], Y], Y], Y]]]]"
15,9,6,607.0 / 10897286400,"[[X, [[[[X, [X, Y]], [X, Y]], [X, Y]], [X, Y]]], [X, [X, [[X, Y], Y]]]]"
15,9,6,1283.0 / 1556755200,"[[X, [[[[X, [X, Y]], [X, Y]], [X, Y]], [X, Y]]], [[X, [X, Y]], [X, Y]]]"
15,8,7,-881.0 / 2421619200,"[X, [[[[[X, [X, Y]], [X, Y]], [X, Y]], [X, Y]], [X, [[[X, Y], Y], Y]]]]"
15,9,6,5063.0 / 5448643200,"[[X, [[[[[X, [X, Y]], [X, Y]], [X, Y]], [X, Y]], [X, Y]]], [X, [X, Y]]]"
15,8,7,-967.0 / 2421619200,"[X, [X, [[X, Y], [[X, Y], [[X, Y], [[X, Y], [[X, Y], [[X, Y], Y]]]]]]]]"
15,8,7,3613.0 / 1210809600,"[X, [[X, [[X, Y], [[X, Y], [[X, Y], [[X, Y], [[X, Y], Y]]]]]], [X, Y]]]"
15,7,8,647.0 / 259459200,"[X, [X, [[X, Y], [[X, Y], [[X, Y], [[X, Y], [[[[X, Y], Y], Y], Y]]]]]]]"
15,8,7,67.0 / 146764800,"[X, [[X, [[X, Y], [[X, Y], [[X, Y], [[X, Y], Y]]]]], [X, [[X, Y], Y]]]]"
15,8,7,8621.0 / 2421619200,"[X, [[[X, [[X, Y], [[X, Y], [[X, Y], [[X, Y], Y]]]]], [X, Y]], [X, Y]]]"
15,7,8,-59.0 / 74131200,"[X, [X, [[X, Y], [[X, Y], [[X, Y], [[[X, Y], Y], [[[X, Y], Y], Y]]]]]]]"
15,8,7,-419.0 / 807206400,"[[X, [X, [[X, Y], [[X, Y], [[X, Y], [[[X, Y], Y], Y]]]]]], [X, [X, Y]]]"
15,7,8,-5497.0 / 518918400,"[X, [X, [[X, Y], [[X, Y], [[[X, Y], [[[X, Y], Y], Y]], [[X, Y], Y]]]]]]"
15,7,8,-97.0 / 24710400,"[X, [[X, [[X, Y], [[X, Y], [[X, Y], [[[[X, Y], Y], Y], Y]]]]], [X, Y]]]"
15,6,9,-50087.0 / 31135104000,"[X, [X, [[X, Y], [[X, Y], [[X, Y], [[[[[[X, Y], Y], Y], Y], Y], Y]]]]]]"
15,8,7,2179.0 / 43589145600,"[[X, [X, [[X, Y], [[X, Y], [[X, Y], Y]]]]], [X, [X, [[[X, Y], Y], Y]]]]"
15,9,6,961.0 / 1452971520,"[[[X, [X, [[X, Y], [[X, Y], [[X, Y], Y]]]]], [X, [X, Y]]], [X, [X, Y]]]"
15,8,7,6697.0 / 7264857600,"[X, [[X, [[X, Y], [[X, Y], [[X, Y], Y]]]], [X, [[X, Y], [[X, Y], Y]]]]]"
15,8,7,977.0 / 908107200,"[X, [[X, [[X, Y], [[X, Y], [[X, Y], Y]]]], [[X, [[X, Y], Y]], [X, Y]]]]"
15,7,8,-257.0 / 518918400,"[X, [[X, [[X, Y], [[X, Y], [[X, Y], Y]]]], [X, [[[[X, Y], Y], Y], Y]]]]"
15,8,7,14057.0 / 3632428800,"[X, [[[X, [[X, Y], [[X, Y], [[X, Y], Y]]]], [X, Y]], [X, [[X, Y], Y]]]]"
15,8,7,5531.0 / 605404800,"[X, [[[[X, [[X, Y], [[X, Y], [[X, Y], Y]]]], [X, Y]], [X, Y]], [X, Y]]]"
15,7,8,-149.0 / 57657600,"[X, [X, [[X, Y], [[[X, Y], [[X, Y], Y]], [[X, Y], [[[X, Y], Y], Y]]]]]]"
15,8,7,2599.0 / 1614412800,"[[X, [X, [[X, Y], [[[X, Y], [[X, Y], Y]], [[X, Y], Y]]]]], [X, [X, Y]]]"
15,7,8,2099.0 / 345945600,"[X, [X, [[X, Y], [[[[X, Y], [[X, Y], Y]], [[X, Y], Y]], [[X, Y], Y]]]]]"
15,7,8,41.0 / 23587200,"[X, [[X, [[X, Y], [[X, Y], [[[X, Y], Y], [[[X, Y], Y], Y]]]]], [X, Y]]]"
15,6,9,-5053.0 / 2075673600,"[X, [X, [[X, Y], [[X, Y], [[[X, Y], Y], [[[[[X, Y], Y], Y], Y], Y]]]]]]"
15,8,7,-239.0 / 4843238400,"[[X, [X, [[X, Y], [[X, Y], [[[X, Y], Y], Y]]]]], [X, [X, [[X, Y], Y]]]]"
15,8,7,3827.0 / 7264857600,"[[X, [X, [[X, Y], [[X, Y], [[[X, Y], Y], Y]]]]], [[X, [X, Y]], [X, Y]]]"
15,7,8,1.0 / 3369600,"[X, [[X, [[X, Y], [[X, Y], [[[X, Y], Y], Y]]]], [X, [[[X, Y], Y], Y]]]]"
15,8,7,109.0 / 40360320,"[[X, [[X, [[X, Y], [[X, Y], [[[X, Y], Y], Y]]]], [X, Y]]], [X, [X, Y]]]"
15,7,8,61.0 / 8648640,"[X, [X, [[[X, Y], [[X, Y], [[[X, Y], Y], Y]]], [[X, Y], [[X, Y], Y]]]]]"
15,7,8,4619.0 / 259459200,"[X, [[X, [[X, Y], [[[X, Y], [[[X, Y], Y], Y]], [[X, Y], Y]]]], [X, Y]]]"
15,6,9,989.0 / 1245404160,"[X, [X, [[X, Y], [[X, Y], [[[[X, Y], Y], Y], [[[[X, Y], Y], Y], Y]]]]]]"
15,7,8,1.0 / 1098240,"[X, [[X, [[X, Y], [[X, Y], [[[[X, Y], Y], Y], Y]]]], [X, [[X, Y], Y]]]]"
15,7,8,5491.0 / 1037836800,"[X, [[[X, [[X, Y], [[X, Y], [[[[X, Y], Y], Y], Y]]]], [X, Y]], [X, Y]]]"
15,6,9,3137.0 / 389188800,"[X, [X, [[X, Y], [[[X, Y], [[[[X, Y], Y], Y], Y]], [[[X, Y], Y], Y]]]]]"
15,7,8,151.0 / 185328000,"[[X, [X, [[X, Y], [[X, Y], [[[[[X, Y], Y], Y], Y], Y]]]]], [X, [X, Y]]]"
15,6,9,20117.0 / 2594592000,"[X, [X, [[X, Y], [[[X, Y], [[[[[X, Y], Y], Y], Y], Y]], [[X, Y], Y]]]]]"
15,6,9,19111.0 / 7783776000,"[X, [[X, [[X, Y], [[X, Y], [[[[[[X, Y], Y], Y], Y], Y], Y]]]], [X, Y]]]"
15,5,10,20743.0 / 58118860800,"[X, [X, [[X, Y], [[X, Y], [[[[[[[[X, Y], Y], Y], Y], Y], Y], Y], Y]]]]]"
15,8,7,2287.0 / 43589145600,"[[X, [X, [[X, Y], [[X, Y], Y]]]], [X, [X, [[X, Y], [[[X, Y], Y], Y]]]]]"
15,9,6,-383.0 / 7264857600,"[[X, [X, [[X, Y], [[X, Y], Y]]]], [[X, [X, [[X, Y], Y]]], [X, [X, Y]]]]"
15,8,7,-391.0 / 4151347200,"[[X, [X, [[X, Y], [[X, Y], Y]]]], [X, [[X, [[X, Y], Y]], [[X, Y], Y]]]]"
15,8,7,-5249.0 / 21794572800,"[[X, [X, [[X, Y], [[X, Y], Y]]]], [X, [[X, [[[X, Y], Y], Y]], [X, Y]]]]"
15,7,8,-277.0 / 5189184000,"[[X, [X, [[X, Y], [[X, Y], Y]]]], [X, [X, [[[[[X, Y], Y], Y], Y], Y]]]]"
15,9,6,541.0 / 21794572800,"[[[X, [X, [[X, Y], [[X, Y], Y]]]], [X, [X, Y]]], [X, [X, [[X, Y], Y]]]]"
15,9,6,1147.0 / 10897286400,"[[X, [X, [[X, Y], [[X, Y], Y]]]], [[X, [X, Y]], [[X, [X, Y]], [X, Y]]]]"
15,8,7,-19.0 / 159667200,"[[X, [X, [[X, Y], [[X, Y], Y]]]], [[X, [X, Y]], [X, [[[X, Y], Y], Y]]]]"
15,9,6,709.0 / 1089728640,"[[[X, [X, [[X, Y], [[X, Y], Y]]]], [[X, [X, Y]], [X, Y]]], [X, [X, Y]]]"
15,8,7,53.0 / 230630400,"[[X, [X, [[X, Y], [[X, Y], Y]]]], [X, [[X, Y], [[X, Y], [[X, Y], Y]]]]]"
15,8,7,-1931.0 / 2075673600,"[X, [[X, [[X, Y], [[X, Y], Y]]], [[X, [[X, Y], [[X, Y], Y]]], [X, Y]]]]"
15,7,8,599.0 / 1037836800,"[X, [[X, [[X, Y], [[X, Y], Y]]], [X, [[X, Y], [[[[X, Y], Y], Y], Y]]]]]"
15,8,7,-2663.0 / 9686476800,"[X, [[[X, [[X, Y], [[X, Y], Y]]], [X, [[X, Y], Y]]], [X, [[X, Y], Y]]]]"
15,8,7,-67849.0 / 14529715200,"[X, [[X, [[X, Y], [[X, Y], Y]]], [[[X, [[X, Y], Y]], [X, Y]], [X, Y]]]]"
15,7,8,-41.0 / 86486400,"[X, [[X, [[X, Y], [[X, Y], Y]]], [X, [[[X, Y], Y], [[[X, Y], Y], Y]]]]]"
15,8,7,-3131.0 / 7264857600,"[[X, [[X, [[X, Y], [[X, Y], Y]]], [X, [[[X, Y], Y], Y]]]], [X, [X, Y]]]"
15,7,8,-893.0 / 259459200,"[X, [[X, [[X, Y], [[X, Y], Y]]], [[X, [[[X, Y], Y], Y]], [[X, Y], Y]]]]"
15,7,8,-3529.0 / 1037836800,"[X, [[X, [[X, Y], [[X, Y], Y]]], [[X, [[[[X, Y], Y], Y], Y]], [X, Y]]]]"
15,6,9,-13561.0 / 31135104000,"[X, [[X, [[X, Y], [[X, Y], Y]]], [X, [[[[[[X, Y], Y], Y], Y], Y], Y]]]]"
15,8,7,-1327.0 / 43589145600,"[[X, [[X, [[X, Y], [[X, Y], Y]]], [X, Y]]], [X, [X, [[[X, Y], Y], Y]]]]"
15,9,6,9409.0 / 7264857600,"[[[X, [[X, [[X, Y], [[X, Y], Y]]], [X, Y]]], [X, [X, Y]]], [X, [X, Y]]]"
15,8,7,6073.0 / 14529715200,"[[X, [[X, [[X, Y], [[X, Y], Y]]], [X, Y]]], [X, [[X, Y], [[X, Y], Y]]]]"
15,8,7,-73.0 / 43243200,"[X, [[[X, [[X, Y], [[X, Y], Y]]], [X, Y]], [[X, [[X, Y], Y]], [X, Y]]]]"
15,7,8,-2339.0 / 1037836800,"[X, [[[X, [[X, Y], [[X, Y], Y]]], [X, Y]], [X, [[[[X, Y], Y], Y], Y]]]]"
15,8,7,89.0 / 24460800,"[X, [[[[X, [[X, Y], [[X, Y], Y]]], [X, Y]], [X, Y]], [X, [[X, Y], Y]]]]"
15,8,7,14471.0 / 2421619200,"[X, [[[[[X, [[X, Y], [[X, Y], Y]]], [X, Y]], [X, Y]], [X, Y]], [X, Y]]]"
15,7,8,311.0 / 103783680,"[X, [[X, [[X, Y], [[X, Y], Y]]], [[X, Y], [[X, Y], [[[X, Y], Y], Y]]]]]"
15,8,7,12017.0 / 14529715200,"[[X, [[X, [[X, Y], [[X, Y], Y]]], [[X, Y], [[X, Y], Y]]]], [X, [X, Y]]]"
15,7,8,449.0 / 86486400,"[X, [X, [[[X, Y], [[X, Y], Y]], [[[X, Y], [[X, Y], Y]], [[X, Y], Y]]]]]"
15,7,8,1349.0 / 172972800,"[X, [[X, [[[X, Y], [[X, Y], Y]], [[X, Y], [[[X, Y], Y], Y]]]], [X, Y]]]"
15,6,9,1097.0 / 266112000,"[X, [X, [[[X, Y], [[X, Y], Y]], [[X, Y], [[[[[X, Y], Y], Y], Y], Y]]]]]"
15,8,7,191.0 / 4151347200,"[[X, [X, [[[X, Y], [[X, Y], Y]], [[X, Y], Y]]]], [X, [X, [[X, Y], Y]]]]"
15,8,7,-1271.0 / 14529715200,"[[X, [X, [[[X, Y], [[X, Y], Y]], [[X, Y], Y]]]], [[X, [X, Y]], [X, Y]]]"
15,7,8,-173.0 / 259459200,"[X, [[X, [[[X, Y], [[X, Y], Y]], [[X, Y], Y]]], [X, [[[X, Y], Y], Y]]]]"
15,8,7,-613.0 / 3632428800,"[[X, [[X, [[[X, Y], [[X, Y], Y]], [[X, Y], Y]]], [X, Y]]], [X, [X, Y]]]"
15,7,8,13.0 / 26611200,"[X, [[X, [[[X, Y], [[X, Y], Y]], [[X, Y], Y]]], [[X, Y], [[X, Y], Y]]]]"
15,7,8,-311.0 / 69189120,"[X, [[X, [[[[X, Y], [[X, Y], Y]], [[X, Y], Y]], [[X, Y], Y]]], [X, Y]]]"
15,6,9,-283.0 / 63866880,"[X, [X, [[X, Y], [[[X, Y], Y], [[[X, Y], Y], [[[[X, Y], Y], Y], Y]]]]]]"
15,7,8,1.0 / 12972960,"[X, [[X, [[X, Y], [[[X, Y], Y], [[[X, Y], Y], Y]]]], [X, [[X, Y], Y]]]]"
15,7,8,233.0 / 103783680,"[X, [[[X, [[X, Y], [[[X, Y], Y], [[[X, Y], Y], Y]]]], [X, Y]], [X, Y]]]"
15,6,9,1141.0 / 444787200,"[X, [X, [[X, Y], [[[[X, Y], Y], [[[X, Y], Y], Y]], [[[X, Y], Y], Y]]]]]"
15,7,8,31.0 / 38438400,"[[X, [X, [[X, Y], [[[X, Y], Y], [[[[X, Y], Y], Y], Y]]]]], [X, [X, Y]]]"
15,6,9,1307.0 / 461260800,"[X, [X, [[[X, Y], [[[X, Y], Y], [[[[X, Y], Y], Y], Y]]], [[X, Y], Y]]]]"
15,6,9,29.0 / 7257600,"[X, [[X, [[X, Y], [[[X, Y], Y], [[[[[X, Y], Y], Y], Y], Y]]]], [X, Y]]]"
15,5,10,571.0 / 581188608,"[X, [X, [[X, Y], [[[X, Y], Y], [[[[[[[X, Y], Y], Y], Y], Y], Y], Y]]]]]"
15,8,7,-79.0 / 4358914560,"[[X, [X, [[X, Y], [[[X, Y], Y], Y]]]], [X, [[X, [[X, Y], Y]], [X, Y]]]]"
15,7,8,37.0 / 3113510400,"[[X, [X, [[X, Y], [[[X, Y], Y], Y]]]], [X, [X, [[[[X, Y], Y], Y], Y]]]]"
15,8,7,899.0 / 43589145600,"[[X, [X, [[X, Y], [[[X, Y], Y], Y]]]], [[X, [X, Y]], [X, [[X, Y], Y]]]]"
15,8,7,-89.0 / 7264857600,"[[X, [X, [[X, Y], [[[X, Y], Y], Y]]]], [[[X, [X, Y]], [X, Y]], [X, Y]]]"
15,7,8,1.0 / 97297200,"[[X, [X, [[X, Y], [[[X, Y], Y], Y]]]], [X, [[X, Y], [[[X, Y], Y], Y]]]]"
15,8,7,-2599.0 / 7264857600,"[[X, [[X, [[X, Y], [[[X, Y], Y], Y]]], [X, [[X, Y], Y]]]], [X, [X, Y]]]"
15,7,8,-509.0 / 518918400,"[X, [[X, [[X, Y], [[[X, Y], Y], Y]]], [[X, [[X, Y], Y]], [[X, Y], Y]]]]"
15,7,8,-307.0 / 155675520,"[X, [[X, [[X, Y], [[[X, Y], Y], Y]]], [[X, [[[X, Y], Y], Y]], [X, Y]]]]"
15,6,9,-191.0 / 576576000,"[X, [[X, [[X, Y], [[[X, Y], Y], Y]]], [X, [[[[[X, Y], Y], Y], Y], Y]]]]"
15,8,7,191.0 / 2075673600,"[[X, [[X, [[X, Y], [[[X, Y], Y], Y]]], [X, Y]]], [X, [X, [[X, Y], Y]]]]"
15,8,7,-1271.0 / 7264857600,"[[X, [[X, [[X, Y], [[[X, Y], Y], Y]]], [X, Y]]], [[X, [X, Y]], [X, Y]]]"
15,7,8,-173.0 / 129729600,"[X, [[[X, [[X, Y], [[[X, Y], Y], Y]]], [X, Y]], [X, [[[X, Y], Y], Y]]]]"
15,8,7,-613.0 / 3632428800,"[[X, [[[X, [[X, Y], [[[X, Y], Y], Y]]], [X, Y]], [X, Y]]], [X, [X, Y]]]"
15,7,8,499.0 / 518918400,"[X, [[X, [[X, Y], [[[X, Y], Y], Y]]], [[X, Y], [[X, Y], [[X, Y], Y]]]]]"
15,7,8,13.0 / 13305600,"[X, [[[X, [[X, Y], [[[X, Y], Y], Y]]], [[X, Y], [[X, Y], Y]]], [X, Y]]]"
15,6,9,3499.0 / 2075673600,"[X, [X, [[[X, Y], [[[X, Y], Y], Y]], [[X, Y], [[[[X, Y], Y], Y], Y]]]]]"
15,7,8,-667.0 / 259459200,"[X, [[X, [[[X, Y], [[[X, Y], Y], Y]], [[X, Y], Y]]], [X, [[X, Y], Y]]]]"
15,7,8,-2201.0 / 259459200,"[X, [[[X, [[[X, Y], [[[X, Y], Y], Y]], [[X, Y], Y]]], [X, Y]], [X, Y]]]"
15,6,9,-599.0 / 148262400,"[X, [X, [[[X, Y], [[[X, Y], Y], Y]], [[[X, Y], Y], [[[X, Y], Y], Y]]]]]"
15,7,8,-1.0 / 926640,"[[X, [X, [[[X, Y], [[[X, Y], Y], Y]], [[[X, Y], Y], Y]]]], [X, [X, Y]]]"
15,6,9,-157.0 / 16473600,"[X, [X, [[[[X, Y], [[[X, Y], Y], Y]], [[[X, Y], Y], Y]], [[X, Y], Y]]]]"
15,6,9,-1.0 / 311351040,"[X, [[X, [[X, Y], [[[[X, Y], Y], Y], [[[[X, Y], Y], Y], Y]]]], [X, Y]]]"
15,5,10,1523.0 / 1245404160,"[X, [X, [[X, Y], [[[[X, Y], Y], Y], [[[[[[X, Y], Y], Y], Y], Y], Y]]]]]"
15,7,8,-199.0 / 3113510400,"[[X, [X, [[X, Y], [[[[X, Y], Y], Y], Y]]]], [X, [X, [[[X, Y], Y], Y]]]]"
15,8,7,-11017.0 / 29059430400,"[[[X, [X, [[X, Y], [[[[X, Y], Y], Y], Y]]]], [X, [X, Y]]], [X, [X, Y]]]"
15,7,8,-1.0 / 7862400,"[[X, [X, [[X, Y], [[[[X, Y], Y], Y], Y]]]], [X, [[X, Y], [[X, Y], Y]]]]"
15,7,8,-733.0 / 345945600,"[X, [[X, [[X, Y], [[[[X, Y], Y], Y], Y]]], [[X, [[X, Y], Y]], [X, Y]]]]"
15,6,9,-563.0 / 2490808320,"[X, [[X, [[X, Y], [[[[X, Y], Y], Y], Y]]], [X, [[[[X, Y], Y], Y], Y]]]]"
15,7,8,-289.0 / 129729600,"[X, [[[X, [[X, Y], [[[[X, Y], Y], Y], Y]]], [X, Y]], [X, [[X, Y], Y]]]]"
15,7,8,-2683.0 / 1037836800,"[X, [[[[X, [[X, Y], [[[[X, Y], Y], Y], Y]]], [X, Y]], [X, Y]], [X, Y]]]"
15,6,9,-61.0 / 74131200,"[X, [[X, [[X, Y], [[[[X, Y], Y], Y], Y]]], [[X, Y], [[[X, Y], Y], Y]]]]"
15,7,8,-31.0 / 12972960,"[[X, [X, [[[X, Y], [[[[X, Y], Y], Y], Y]], [[X, Y], Y]]]], [X, [X, Y]]]"
15,6,9,-1909.0 / 197683200,"[X, [X, [[[[X, Y], [[[[X, Y], Y], Y], Y]], [[X, Y], Y]], [[X, Y], Y]]]]"
15,6,9,-27227.0 / 3113510400,"[X, [[X, [[[X, Y], [[[[X, Y], Y], Y], Y]], [[[X, Y], Y], Y]]], [X, Y]]]"
15,5,10,71.0 / 830269440,"[X, [X, [[X, Y], [[[[[X, Y], Y], Y], Y], [[[[[X, Y], Y], Y], Y], Y]]]]]"
15,7,8,151.0 / 5189184000,"[[X, [X, [[X, Y], [[[[[X, Y], Y], Y], Y], Y]]]], [X, [X, [[X, Y], Y]]]]"
15,7,8,-1.0 / 3144960,"[[X, [X, [[X, Y], [[[[[X, Y], Y], Y], Y], Y]]]], [[X, [X, Y]], [X, Y]]]"
15,6,9,-653.0 / 1729728000,"[X, [[X, [[X, Y], [[[[[X, Y], Y], Y], Y], Y]]], [X, [[[X, Y], Y], Y]]]]"
15,7,8,-311.0 / 199584000,"[[X, [[X, [[X, Y], [[[[[X, Y], Y], Y], Y], Y]]], [X, Y]]], [X, [X, Y]]]"
15,6,9,-659.0 / 432432000,"[X, [[X, [[X, Y], [[[[[X, Y], Y], Y], Y], Y]]], [[X, Y], [[X, Y], Y]]]]"
15,6,9,-6659.0 / 741312000,"[X, [[X, [[[X, Y], [[[[[X, Y], Y], Y], Y], Y]], [[X, Y], Y]]], [X, Y]]]"
15,5,10,-3911.0 / 2075673600,"[X, [X, [[[X, Y], [[[[[X, Y], Y], Y], Y], Y]], [[[[X, Y], Y], Y], Y]]]]"
15,6,9,-15361.0 / 31135104000,"[X, [[X, [[X, Y], [[[[[[X, Y], Y], Y], Y], Y], Y]]], [X, [[X, Y], Y]]]]"
15,6,9,-11861.0 / 5189184000,"[X, [[[X, [[X, Y], [[[[[[X, Y], Y], Y], Y], Y], Y]]], [X, Y]], [X, Y]]]"
15,5,10,-1171.0 / 622702080,"[X, [X, [[[X, Y], [[[[[[X, Y], Y], Y], Y], Y], Y]], [[[X, Y], Y], Y]]]]"
15,6,9,-24949.0 / 108972864000,"[[X, [X, [[X, Y], [[[[[[[X, Y], Y], Y], Y], Y], Y], Y]]]], [X, [X, Y]]]"
15,5,10,-2143.0 / 1452971520,"[X, [X, [[[X, Y], [[[[[[[X, Y], Y], Y], Y], Y], Y], Y]], [[X, Y], Y]]]]"
15,5,10,-8993.0 / 19372953600,"[X, [[X, [[X, Y], [[[[[[[[X, Y], Y], Y], Y], Y], Y], Y], Y]]], [X, Y]]]"
15,4,11,-1247.0 / 39626496000,"[X, [X, [[X, Y], [[[[[[[[[[X, Y], Y], Y], Y], Y], Y], Y], Y], Y], Y]]]]"
15,9,6,-697.0 / 7264857600,"[[X, [X, [[X, Y], Y]]], [[X, [X, [[X, Y], Y]]], [[X, [X, Y]], [X, Y]]]]"
15,8,7,-23.0 / 17435658240,"[[X, [X, [[X, Y], Y]]], [X, [[X, [[X, Y], Y]], [X, [[[X, Y], Y], Y]]]]]"
15,9,6,-493.0 / 1556755200,"[[X, [X, [[X, Y], Y]]], [[X, [[X, [[X, Y], Y]], [X, Y]]], [X, [X, Y]]]]"
15,8,7,-89.0 / 461260800,"[[X, [X, [[X, Y], Y]]], [X, [[X, [[X, Y], Y]], [[X, Y], [[X, Y], Y]]]]]"
15,8,7,-1009.0 / 2641766400,"[[X, [X, [[X, Y], Y]]], [X, [[[X, [[X, Y], Y]], [[X, Y], Y]], [X, Y]]]]"
15,7,8,-1.0 / 15567552,"[[X, [X, [[X, Y], Y]]], [X, [X, [[[X, Y], Y], [[[[X, Y], Y], Y], Y]]]]]"
15,8,7,-13.0 / 134120448,"[[X, [X, [[X, Y], Y]]], [[X, [X, [[[X, Y], Y], Y]]], [X, [[X, Y], Y]]]]"
15,8,7,-1627.0 / 4843238400,"[[X, [X, [[X, Y], Y]]], [X, [[[X, [[[X, Y], Y], Y]], [X, Y]], [X, Y]]]]"
15,7,8,-17.0 / 172972800,"[[X, [X, [[X, Y], Y]]], [X, [[X, [[[X, Y], Y], Y]], [[[X, Y], Y], Y]]]]"
15,8,7,-1669.0 / 12454041600,"[[X, [X, [[X, Y], Y]]], [[X, [X, [[[[X, Y], Y], Y], Y]]], [X, [X, Y]]]]"
15,7,8,-571.0 / 3113510400,"[[X, [X, [[X, Y], Y]]], [X, [[X, [[[[X, Y], Y], Y], Y]], [[X, Y], Y]]]]"
15,7,8,-587.0 / 5189184000,"[[X, [X, [[X, Y], Y]]], [X, [[X, [[[[[X, Y], Y], Y], Y], Y]], [X, Y]]]]"
15,6,9,-229.0 / 31135104000,"[[X, [X, [[X, Y], Y]]], [X, [X, [[[[[[[X, Y], Y], Y], Y], Y], Y], Y]]]]"
15,9,6,-19.0 / 172972800,"[[[X, [X, [[X, Y], Y]]], [X, [X, Y]]], [X, [[X, [[X, Y], Y]], [X, Y]]]]"
15,8,7,-9341.0 / 87178291200,"[[[X, [X, [[X, Y], Y]]], [X, [X, Y]]], [X, [X, [[[[X, Y], Y], Y], Y]]]]"
15,9,6,1037.0 / 7264857600,"[[X, [X, [[X, Y], Y]]], [[X, [X, Y]], [[X, [X, Y]], [X, [[X, Y], Y]]]]]"
15,9,6,23.0 / 2179457280,"[[X, [X, [[X, Y], Y]]], [[X, [X, Y]], [[[X, [X, Y]], [X, Y]], [X, Y]]]]"
15,8,7,1.0 / 40360320,"[[X, [X, [[X, Y], Y]]], [[X, [X, Y]], [X, [[X, Y], [[[X, Y], Y], Y]]]]]"
15,9,6,337.0 / 1452971520,"[[[X, [X, [[X, Y], Y]]], [[X, [X, Y]], [X, [[X, Y], Y]]]], [X, [X, Y]]]"
15,8,7,-83.0 / 363242880,"[[X, [X, [[X, Y], Y]]], [[X, [X, Y]], [[X, [[X, Y], Y]], [[X, Y], Y]]]]"
15,8,7,-5.0 / 10378368,"[[X, [X, [[X, Y], Y]]], [[X, [X, Y]], [[X, [[[X, Y], Y], Y]], [X, Y]]]]"
15,7,8,-193.0 / 1729728000,"[[X, [X, [[X, Y], Y]]], [[X, [X, Y]], [X, [[[[[X, Y], Y], Y], Y], Y]]]]"
15,9,6,2053.0 / 3632428800,"[[[X, [X, [[X, Y], Y]]], [[X, [X, Y]], [X, Y]]], [[X, [X, Y]], [X, Y]]]"
15,8,7,-331.0 / 4358914560,"[[X, [X, [[X, Y], Y]]], [[[X, [X, Y]], [X, Y]], [X, [[[X, Y], Y], Y]]]]"
15,9,6,4003.0 / 3632428800,"[[[X, [X, [[X, Y], Y]]], [[[X, [X, Y]], [X, Y]], [X, Y]]], [X, [X, Y]]]"
15,8,7,67.0 / 296524800,"[[X, [X, [[X, Y], Y]]], [X, [[X, Y], [[X, Y], [[X, Y], [[X, Y], Y]]]]]]"
15,8,7,3401.0 / 3632428800,"[[X, [X, [[X, Y], Y]]], [[X, [[X, Y], [[X, Y], [[X, Y], Y]]]], [X, Y]]]"
15,7,8,1.0 / 70761600,"[[X, [X, [[X, Y], Y]]], [X, [[X, Y], [[X, Y], [[[[X, Y], Y], Y], Y]]]]]"
15,8,7,179.0 / 2075673600,"[[X, [X, [[X, Y], Y]]], [[X, [[X, Y], [[X, Y], Y]]], [X, [[X, Y], Y]]]]"
15,8,7,151.0 / 111767040,"[[X, [X, [[X, Y], Y]]], [[[X, [[X, Y], [[X, Y], Y]]], [X, Y]], [X, Y]]]"
15,7,8,-1.0 / 172972800,"[[X, [X, [[X, Y], Y]]], [X, [[X, Y], [[[X, Y], Y], [[[X, Y], Y], Y]]]]]"
15,8,7,79.0 / 1676505600,"[[[X, [X, [[X, Y], Y]]], [X, [[X, Y], [[[X, Y], Y], Y]]]], [X, [X, Y]]]"
15,7,8,-31.0 / 222393600,"[[X, [X, [[X, Y], Y]]], [X, [[[X, Y], [[[X, Y], Y], Y]], [[X, Y], Y]]]]"
15,7,8,-37.0 / 222393600,"[[X, [X, [[X, Y], Y]]], [[X, [[X, Y], [[[[X, Y], Y], Y], Y]]], [X, Y]]]"
15,6,9,-227.0 / 6227020800,"[[X, [X, [[X, Y], Y]]], [X, [[X, Y], [[[[[[X, Y], Y], Y], Y], Y], Y]]]]"
15,8,7,-911.0 / 87178291200,"[[[X, [X, [[X, Y], Y]]], [X, [[X, Y], Y]]], [X, [X, [[[X, Y], Y], Y]]]]"
15,9,6,2029.0 / 4843238400,"[[[[X, [X, [[X, Y], Y]]], [X, [[X, Y], Y]]], [X, [X, Y]]], [X, [X, Y]]]"
15,8,7,43.0 / 319334400,"[[[X, [X, [[X, Y], Y]]], [X, [[X, Y], Y]]], [X, [[X, Y], [[X, Y], Y]]]]"
15,8,7,367.0 / 403603200,"[X, [[X, [[X, Y], Y]], [[X, [[X, Y], Y]], [[X, [[X, Y], Y]], [X, Y]]]]]"
15,7,8,1387.0 / 2075673600,"[X, [[X, [[X, Y], Y]], [[X, [[X, Y], Y]], [X, [[[[X, Y], Y], Y], Y]]]]]"
15,8,7,1003.0 / 3632428800,"[[X, [[X, [[X, Y], Y]], [[X, [[X, Y], Y]], [X, Y]]]], [X, [[X, Y], Y]]]"
15,8,7,-2251.0 / 363242880,"[X, [[X, [[X, Y], Y]], [[[[X, [[X, Y], Y]], [X, Y]], [X, Y]], [X, Y]]]]"
15,7,8,-467.0 / 3113510400,"[X, [[X, [[X, Y], Y]], [[X, [[X, Y], Y]], [[X, Y], [[[X, Y], Y], Y]]]]]"
15,8,7,-599.0 / 1210809600,"[[X, [[X, [[X, Y], Y]], [[X, [[X, Y], Y]], [[X, Y], Y]]]], [X, [X, Y]]]"
15,7,8,-185.0 / 83026944,"[X, [[X, [[X, Y], Y]], [[[X, [[X, Y], Y]], [[X, Y], Y]], [[X, Y], Y]]]]"
15,7,8,-127.0 / 64864800,"[X, [[X, [[X, Y], Y]], [[X, [[[X, Y], Y], [[[X, Y], Y], Y]]], [X, Y]]]]"
15,6,9,6959.0 / 10378368000,"[X, [[X, [[X, Y], Y]], [X, [[[X, Y], Y], [[[[[X, Y], Y], Y], Y], Y]]]]]"
15,8,7,-103.0 / 1614412800,"[[X, [[X, [[X, Y], Y]], [X, [[[X, Y], Y], Y]]]], [[X, [X, Y]], [X, Y]]]"
15,7,8,-743.0 / 3113510400,"[X, [[[X, [[X, Y], Y]], [X, [[[X, Y], Y], Y]]], [X, [[[X, Y], Y], Y]]]]"
15,8,7,-7597.0 / 5448643200,"[[X, [[X, [[X, Y], Y]], [[X, [[[X, Y], Y], Y]], [X, Y]]]], [X, [X, Y]]]"
15,7,8,-2851.0 / 778377600,"[X, [[X, [[X, Y], Y]], [[X, [[[X, Y], Y], Y]], [[X, Y], [[X, Y], Y]]]]]"
15,7,8,-1583.0 / 119750400,"[X, [[X, [[X, Y], Y]], [[[X, [[[X, Y], Y], Y]], [[X, Y], Y]], [X, Y]]]]"
15,6,9,-97.0 / 345945600,"[X, [[X, [[X, Y], Y]], [X, [[[[X, Y], Y], Y], [[[[X, Y], Y], Y], Y]]]]]"
15,7,8,-29.0 / 345945600,"[[X, [[X, [[X, Y], Y]], [X, [[[[X, Y], Y], Y], Y]]]], [X, [[X, Y], Y]]]"
15,7,8,-3083.0 / 479001600,"[X, [[X, [[X, Y], Y]], [[[X, [[[[X, Y], Y], Y], Y]], [X, Y]], [X, Y]]]]"
15,6,9,-15019.0 / 6227020800,"[X, [[X, [[X, Y], Y]], [[X, [[[[X, Y], Y], Y], Y]], [[[X, Y], Y], Y]]]]"
15,7,8,-713.0 / 1729728000,"[[X, [[X, [[X, Y], Y]], [X, [[[[[X, Y], Y], Y], Y], Y]]]], [X, [X, Y]]]"
15,6,9,-61.0 / 26956800,"[X, [[X, [[X, Y], Y]], [[X, [[[[[X, Y], Y], Y], Y], Y]], [[X, Y], Y]]]]"
15,6,9,-79.0 / 48648600,"[X, [[X, [[X, Y], Y]], [[X, [[[[[[X, Y], Y], Y], Y], Y], Y]], [X, Y]]]]"
15,5,10,-433.0 / 4305100800,"[X, [[X, [[X, Y], Y]], [X, [[[[[[[[X, Y], Y], Y], Y], Y], Y], Y], Y]]]]"
15,8,7,-1997.0 / 14529715200,"[[X, [[X, [[X, Y], Y]], [X, Y]]], [X, [[X, [[X, Y], Y]], [[X, Y], Y]]]]"
15,8,7,-3193.0 / 10897286400,"[[X, [[X, [[X, Y], Y]], [X, Y]]], [X, [[X, [[[X, Y], Y], Y]], [X, Y]]]]"
15,7,8,-199.0 / 2594592000,"[[X, [[X, [[X, Y], Y]], [X, Y]]], [X, [X, [[[[[X, Y], Y], Y], Y], Y]]]]"
15,9,6,167.0 / 155675520,"[[X, [[X, [[X, Y], Y]], [X, Y]]], [[X, [X, Y]], [[X, [X, Y]], [X, Y]]]]"
15,8,7,-25.0 / 290594304,"[[X, [[X, [[X, Y], Y]], [X, Y]]], [[X, [X, Y]], [X, [[[X, Y], Y], Y]]]]"
15,9,6,1273.0 / 340540200,"[[[X, [[X, [[X, Y], Y]], [X, Y]]], [[X, [X, Y]], [X, Y]]], [X, [X, Y]]]"
15,8,7,409.0 / 660441600,"[[X, [[X, [[X, Y], Y]], [X, Y]]], [X, [[X, Y], [[X, Y], [[X, Y], Y]]]]]"
15,8,7,499.0 / 269068800,"[[X, [[X, [[X, Y], Y]], [X, Y]]], [[X, [[X, Y], [[X, Y], Y]]], [X, Y]]]"
15,7,8,-1.0 / 7983360,"[[X, [[X, [[X, Y], Y]], [X, Y]]], [X, [[X, Y], [[[[X, Y], Y], Y], Y]]]]"
15,8,7,8737.0 / 14529715200,"[[[X, [[X, [[X, Y], Y]], [X, Y]]], [X, [[X, Y], Y]]], [X, [[X, Y], Y]]]"
15,8,7,-1531.0 / 345945600,"[X, [[[X, [[X, Y], Y]], [X, Y]], [[[X, [[X, Y], Y]], [X, Y]], [X, Y]]]]"
15,7,8,-53.0 / 172972800,"[X, [[[X, [[X, Y], Y]], [X, Y]], [X, [[[X, Y], Y], [[[X, Y], Y], Y]]]]]"
15,8,7,-11.0 / 66044160,"[[X, [[[X, [[X, Y], Y]], [X, Y]], [X, [[[X, Y], Y], Y]]]], [X, [X, Y]]]"
15,7,8,-1889.0 / 259459200,"[X, [[[X, [[X, Y], Y]], [X, Y]], [[X, [[[X, Y], Y], Y]], [[X, Y], Y]]]]"
15,7,8,-11.0 / 1347840,"[X, [[[X, [[X, Y], Y]], [X, Y]], [[X, [[[[X, Y], Y], Y], Y]], [X, Y]]]]"
15,6,9,-571.0 / 486486000,"[X, [[[X, [[X, Y], Y]], [X, Y]], [X, [[[[[[X, Y], Y], Y], Y], Y], Y]]]]"
15,8,7,167.0 / 1245404160,"[[X, [[[X, [[X, Y], Y]], [X, Y]], [X, Y]]], [X, [X, [[[X, Y], Y], Y]]]]"
15,9,6,521.0 / 132088320,"[[[X, [[[X, [[X, Y], Y]], [X, Y]], [X, Y]]], [X, [X, Y]]], [X, [X, Y]]]"
15,8,7,17333.0 / 14529715200,"[[X, [[[X, [[X, Y], Y]], [X, Y]], [X, Y]]], [X, [[X, Y], [[X, Y], Y]]]]"
15,8,7,739.0 / 186278400,"[[X, [[[X, [[X, Y], Y]], [X, Y]], [X, Y]]], [[X, [[X, Y], Y]], [X, Y]]]"
15,7,8,-5059.0 / 2075673600,"[X, [[[[X, [[X, Y], Y]], [X, Y]], [X, Y]], [X, [[[[X, Y], Y], Y], Y]]]]"
15,8,7,43.0 / 22014720,"[[X, [[[[X, [[X, Y], Y]], [X, Y]], [X, Y]], [X, Y]]], [X, [[X, Y], Y]]]"
15,8,7,6317.0 / 1210809600,"[X, [[[[[[X, [[X, Y], Y]], [X, Y]], [X, Y]], [X, Y]], [X, Y]], [X, Y]]]"
15,7,8,-1.0 / 5241600,"[X, [[X, [[X, Y], Y]], [[X, Y], [[X, Y], [[X, Y], [[[X, Y], Y], Y]]]]]]"
15,8,7,12037.0 / 3632428800,"[[X, [[X, [[X, Y], Y]], [[X, Y], [[X, Y], [[X, Y], Y]]]]], [X, [X, Y]]]"
15,7,8,83.0 / 15966720,"[X, [[X, [[X, Y], Y]], [[X, Y], [[[X, Y], [[X, Y], Y]], [[X, Y], Y]]]]]"
15,7,8,331.0 / 32432400,"[X, [[[X, [[X, Y], Y]], [[X, Y], [[X, Y], [[[X, Y], Y], Y]]]], [X, Y]]]"
15,6,9,9689.0 / 5189184000,"[X, [[X, [[X, Y], Y]], [[X, Y], [[X, Y], [[[[[X, Y], Y], Y], Y], Y]]]]]"
15,8,7,2647.0 / 1614412800,"[[X, [[X, [[X, Y], Y]], [[X, Y], [[X, Y], Y]]]], [[X, [X, Y]], [X, Y]]]"
15,7,8,67.0 / 345945600,"[X, [[[X, [[X, Y], Y]], [[X, Y], [[X, Y], Y]]], [X, [[[X, Y], Y], Y]]]]"
15,8,7,33427.0 / 3632428800,"[[X, [[[X, [[X, Y], Y]], [[X, Y], [[X, Y], Y]]], [X, Y]]], [X, [X, Y]]]"
15,7,8,41.0 / 6652800,"[X, [[[X, [[X, Y], Y]], [[X, Y], [[X, Y], Y]]], [[X, Y], [[X, Y], Y]]]]"
15,7,8,103.0 / 17297280,"[X, [[[X, [[X, Y], Y]], [[[X, Y], [[X, Y], Y]], [[X, Y], Y]]], [X, Y]]]"
15,6,9,503.0 / 259459200,"[X, [[X, [[X, Y], Y]], [[X, Y], [[[X, Y], Y], [[[[X, Y], Y], Y], Y]]]]]"
15,7,8,79.0 / 311351040,"[[X, [[X, [[X, Y], Y]], [[X, Y], [[[X, Y], Y], Y]]]], [X, [[X, Y], Y]]]"
15,7,8,103.0 / 17297280,"[X, [[[[X, [[X, Y], Y]], [[X, Y], [[[X, Y], Y], Y]]], [X, Y]], [X, Y]]]"
15,6,9,-529.0 / 222393600,"[X, [[X, [[X, Y], Y]], [[[X, Y], [[[X, Y], Y], Y]], [[[X, Y], Y], Y]]]]"
15,7,8,-19.0 / 25945920,"[[X, [[X, [[X, Y], Y]], [[X, Y], [[[[X, Y], Y], Y], Y]]]], [X, [X, Y]]]"
15,6,9,-1153.0 / 207567360,"[X, [[X, [[X, Y], Y]], [[[X, Y], [[[[X, Y], Y], Y], Y]], [[X, Y], Y]]]]"
15,6,9,-3313.0 / 864864000,"[X, [[[X, [[X, Y], Y]], [[X, Y], [[[[[X, Y], Y], Y], Y], Y]]], [X, Y]]]"
15,5,10,-8287.0 / 14529715200,"[X, [[X, [[X, Y], Y]], [[X, Y], [[[[[[[X, Y], Y], Y], Y], Y], Y], Y]]]]"
15,7,8,-1.0 / 35380800,"[[X, [[X, [[X, Y], Y]], [[X, Y], Y]]], [X, [X, [[[[X, Y], Y], Y], Y]]]]"
15,8,7,2617.0 / 9686476800,"[[X, [[X, [[X, Y], Y]], [[X, Y], Y]]], [[X, [X, Y]], [X, [[X, Y], Y]]]]"
15,8,7,3247.0 / 4843238400,"[[X, [[X, [[X, Y], Y]], [[X, Y], Y]]], [[[X, [X, Y]], [X, Y]], [X, Y]]]"
15,7,8,127.0 / 1556755200,"[[X, [[X, [[X, Y], Y]], [[X, Y], Y]]], [X, [[X, Y], [[[X, Y], Y], Y]]]]"
15,8,7,3119.0 / 2905943040,"[[[X, [[X, [[X, Y], Y]], [[X, Y], Y]]], [X, [[X, Y], Y]]], [X, [X, Y]]]"
15,7,8,47.0 / 207567360,"[[X, [[X, [[X, Y], Y]], [[X, Y], Y]]], [[X, [[X, Y], Y]], [[X, Y], Y]]]"
15,7,8,-73.0 / 119750400,"[X, [[[X, [[X, Y], Y]], [[X, Y], Y]], [[X, [[[X, Y], Y], Y]], [X, Y]]]]"
15,6,9,-1447.0 / 2594592000,"[X, [[[X, [[X, Y], Y]], [[X, Y], Y]], [X, [[[[[X, Y], Y], Y], Y], Y]]]]"
15,8,7,431.0 / 124185600,"[[X, [[[X, [[X, Y], Y]], [[X, Y], Y]], [X, Y]]], [[X, [X, Y]], [X, Y]]]"
15,7,8,59.0 / 32432400,"[X, [[[[X, [[X, Y], Y]], [[X, Y], Y]], [X, Y]], [X, [[[X, Y], Y], Y]]]]"
15,8,7,68669.0 / 7264857600,"[[X, [[[[X, [[X, Y], Y]], [[X, Y], Y]], [X, Y]], [X, Y]]], [X, [X, Y]]]"
15,7,8,617.0 / 79833600,"[X, [[[X, [[X, Y], Y]], [[X, Y], Y]], [[X, Y], [[X, Y], [[X, Y], Y]]]]]"
15,7,8,757.0 / 31449600,"[X, [[[[X, [[X, Y], Y]], [[X, Y], Y]], [[X, Y], [[X, Y], Y]]], [X, Y]]]"
15,6,9,-1073.0 / 2075673600,"[X, [[[X, [[X, Y], Y]], [[X, Y], Y]], [[X, Y], [[[[X, Y], Y], Y], Y]]]]"
15,7,8,599.0 / 1037836800,"[[X, [[[X, [[X, Y], Y]], [[X, Y], Y]], [[X, Y], Y]]], [X, [[X, Y], Y]]]"
15,7,8,2461.0 / 172972800,"[X, [[[[[X, [[X, Y], Y]], [[X, Y], Y]], [[X, Y], Y]], [X, Y]], [X, Y]]]"
15,6,9,-3313.0 / 2075673600,"[X, [X, [[[X, Y], Y], [[[X, Y], Y], [[[X, Y], Y], [[[X, Y], Y], Y]]]]]]"
15,7,8,1.0 / 628992,"[[X, [X, [[[X, Y], Y], [[[X, Y], Y], [[[X, Y], Y], Y]]]]], [X, [X, Y]]]"
15,6,9,791.0 / 148262400,"[X, [[X, [[[X, Y], Y], [[[X, Y], Y], [[[X, Y], Y], Y]]]], [[X, Y], Y]]]"
15,6,9,43.0 / 6289920,"[X, [[X, [[[X, Y], Y], [[[X, Y], Y], [[[[X, Y], Y], Y], Y]]]], [X, Y]]]"
15,5,10,25769.0 / 12454041600,"[X, [X, [[[X, Y], Y], [[[X, Y], Y], [[[[[[X, Y], Y], Y], Y], Y], Y]]]]]"
15,7,8,-1.0 / 77837760,"[[X, [X, [[[X, Y], Y], [[[X, Y], Y], Y]]]], [X, [X, [[[X, Y], Y], Y]]]]"
15,8,7,1717.0 / 4843238400,"[[[X, [X, [[[X, Y], Y], [[[X, Y], Y], Y]]]], [X, [X, Y]]], [X, [X, Y]]]"
15,7,8,7.0 / 74131200,"[[X, [X, [[[X, Y], Y], [[[X, Y], Y], Y]]]], [X, [[X, Y], [[X, Y], Y]]]]"
15,7,8,59.0 / 129729600,"[[X, [X, [[[X, Y], Y], [[[X, Y], Y], Y]]]], [[X, [[X, Y], Y]], [X, Y]]]"
15,6,9,-89.0 / 345945600,"[X, [[X, [[[X, Y], Y], [[[X, Y], Y], Y]]], [X, [[[[X, Y], Y], Y], Y]]]]"
15,7,8,7.0 / 9266400,"[[X, [[X, [[[X, Y], Y], [[[X, Y], Y], Y]]], [X, Y]]], [X, [[X, Y], Y]]]"
15,7,8,2813.0 / 518918400,"[X, [[[[X, [[[X, Y], Y], [[[X, Y], Y], Y]]], [X, Y]], [X, Y]], [X, Y]]]"
15,6,9,337.0 / 518918400,"[X, [[X, [[[X, Y], Y], [[[X, Y], Y], Y]]], [[X, Y], [[[X, Y], Y], Y]]]]"
15,7,8,523.0 / 259459200,"[[X, [[X, [[[X, Y], Y], [[[X, Y], Y], Y]]], [[X, Y], Y]]], [X, [X, Y]]]"
15,6,9,23.0 / 4717440,"[X, [[[X, [[[X, Y], Y], [[[X, Y], Y], Y]]], [[X, Y], Y]], [[X, Y], Y]]]"
15,6,9,-2857.0 / 1556755200,"[X, [[X, [[[[X, Y], Y], [[[X, Y], Y], Y]], [[[X, Y], Y], Y]]], [X, Y]]]"
15,5,10,1181.0 / 691891200,"[X, [X, [[[X, Y], Y], [[[[X, Y], Y], Y], [[[[[X, Y], Y], Y], Y], Y]]]]]"
15,7,8,-307.0 / 1556755200,"[[X, [X, [[[X, Y], Y], [[[[X, Y], Y], Y], Y]]]], [[X, [X, Y]], [X, Y]]]"
15,6,9,-941.0 / 3113510400,"[X, [[X, [[[X, Y], Y], [[[[X, Y], Y], Y], Y]]], [X, [[[X, Y], Y], Y]]]]"
15,7,8,-181.0 / 207567360,"[[X, [[X, [[[X, Y], Y], [[[[X, Y], Y], Y], Y]]], [X, Y]]], [X, [X, Y]]]"
15,6,9,-1073.0 / 2075673600,"[X, [[X, [[[X, Y], Y], [[[[X, Y], Y], Y], Y]]], [[X, Y], [[X, Y], Y]]]]"
15,6,9,-1.0 / 3931200,"[X, [[[X, [[[X, Y], Y], [[[[X, Y], Y], Y], Y]]], [[X, Y], Y]], [X, Y]]]"
15,5,10,-1057.0 / 711659520,"[X, [X, [[[[X, Y], Y], [[[[X, Y], Y], Y], Y]], [[[[X, Y], Y], Y], Y]]]]"
15,6,9,-349.0 / 10378368000,"[[X, [X, [[[X, Y], Y], [[[[[X, Y], Y], Y], Y], Y]]]], [X, [[X, Y], Y]]]"
15,6,9,-43.0 / 13305600,"[X, [[[X, [[[X, Y], Y], [[[[[X, Y], Y], Y], Y], Y]]], [X, Y]], [X, Y]]]"
15,5,10,-1139.0 / 345945600,"[X, [X, [[[[X, Y], Y], [[[[[X, Y], Y], Y], Y], Y]], [[[X, Y], Y], Y]]]]"
15,6,9,-15331.0 / 31135104000,"[[X, [X, [[[X, Y], Y], [[[[[[X, Y], Y], Y], Y], Y], Y]]]], [X, [X, Y]]]"
15,5,10,-1637.0 / 1383782400,"[X, [[X, [[[X, Y], Y], [[[[[[X, Y], Y], Y], Y], Y], Y]]], [[X, Y], Y]]]"
15,5,10,-2011.0 / 1614412800,"[X, [[X, [[[X, Y], Y], [[[[[[[X, Y], Y], Y], Y], Y], Y], Y]]], [X, Y]]]"
15,4,11,-29677.0 / 261534873600,"[X, [X, [[[X, Y], Y], [[[[[[[[[X, Y], Y], Y], Y], Y], Y], Y], Y], Y]]]]"
15,8,7,-857.0 / 21794572800,"[[X, [X, [[[X, Y], Y], Y]]], [[X, [X, [[[X, Y], Y], Y]]], [X, [X, Y]]]]"
15,7,8,-37.0 / 311351040,"[[X, [X, [[[X, Y], Y], Y]]], [X, [[X, [[[X, Y], Y], Y]], [[X, Y], Y]]]]"
15,7,8,-19.0 / 129729600,"[[X, [X, [[[X, Y], Y], Y]]], [X, [[X, [[[[X, Y], Y], Y], Y]], [X, Y]]]]"
15,6,9,-2017.0 / 93405312000,"[[X, [X, [[[X, Y], Y], Y]]], [X, [X, [[[[[[X, Y], Y], Y], Y], Y], Y]]]]"
15,9,6,11027.0 / 21794572800,"[[[[X, [X, [[[X, Y], Y], Y]]], [X, [X, Y]]], [X, [X, Y]]], [X, [X, Y]]]"
15,8,7,31.0 / 227026800,"[[X, [X, [[[X, Y], Y], Y]]], [[X, [X, Y]], [X, [[X, Y], [[X, Y], Y]]]]]"
15,8,7,1.0 / 13453440,"[[X, [X, [[[X, Y], Y], Y]]], [[X, [X, Y]], [[X, [[X, Y], Y]], [X, Y]]]]"
15,7,8,-29.0 / 311351040,"[[X, [X, [[[X, Y], Y], Y]]], [[X, [X, Y]], [X, [[[[X, Y], Y], Y], Y]]]]"
15,8,7,1459.0 / 7264857600,"[[X, [X, [[[X, Y], Y], Y]]], [[[X, [X, Y]], [X, Y]], [X, [[X, Y], Y]]]]"
15,8,7,2203.0 / 7264857600,"[[X, [X, [[[X, Y], Y], Y]]], [[[[X, [X, Y]], [X, Y]], [X, Y]], [X, Y]]]"
15,7,8,61.0 / 389188800,"[[X, [X, [[[X, Y], Y], Y]]], [X, [[X, Y], [[X, Y], [[[X, Y], Y], Y]]]]]"
15,8,7,3361.0 / 7264857600,"[[[X, [X, [[[X, Y], Y], Y]]], [X, [[X, Y], [[X, Y], Y]]]], [X, [X, Y]]]"
15,7,8,19.0 / 518918400,"[[X, [X, [[[X, Y], Y], Y]]], [X, [[[X, Y], [[X, Y], Y]], [[X, Y], Y]]]]"
15,7,8,19.0 / 259459200,"[[X, [X, [[[X, Y], Y], Y]]], [[X, [[X, Y], [[[X, Y], Y], Y]]], [X, Y]]]"
15,6,9,-1081.0 / 15567552000,"[[X, [X, [[[X, Y], Y], Y]]], [X, [[X, Y], [[[[[X, Y], Y], Y], Y], Y]]]]"
15,8,7,12361.0 / 21794572800,"[[[X, [X, [[[X, Y], Y], Y]]], [X, [[X, Y], Y]]], [[X, [X, Y]], [X, Y]]]"
15,7,8,1.0 / 34594560,"[[X, [X, [[[X, Y], Y], Y]]], [[X, [[X, Y], Y]], [X, [[[X, Y], Y], Y]]]]"
15,8,7,391.0 / 242161920,"[[[X, [X, [[[X, Y], Y], Y]]], [[X, [[X, Y], Y]], [X, Y]]], [X, [X, Y]]]"
15,7,8,137.0 / 259459200,"[[X, [X, [[[X, Y], Y], Y]]], [[X, [[X, Y], Y]], [[X, Y], [[X, Y], Y]]]]"
15,7,8,503.0 / 518918400,"[[X, [X, [[[X, Y], Y], Y]]], [[[X, [[X, Y], Y]], [[X, Y], Y]], [X, Y]]]"
15,6,9,-211.0 / 6227020800,"[[X, [X, [[[X, Y], Y], Y]]], [X, [[[X, Y], Y], [[[[X, Y], Y], Y], Y]]]]"
15,7,8,1.0 / 9979200,"[[[X, [X, [[[X, Y], Y], Y]]], [X, [[[X, Y], Y], Y]]], [X, [[X, Y], Y]]]"
15,7,8,-31.0 / 19958400,"[X, [[X, [[[X, Y], Y], Y]], [[[X, [[[X, Y], Y], Y]], [X, Y]], [X, Y]]]]"
15,6,9,-83.0 / 145945800,"[X, [[X, [[[X, Y], Y], Y]], [[X, [[[X, Y], Y], Y]], [[[X, Y], Y], Y]]]]"
15,7,8,-61.0 / 444787200,"[[X, [[X, [[[X, Y], Y], Y]], [X, [[[[X, Y], Y], Y], Y]]]], [X, [X, Y]]]"
15,6,9,-643.0 / 518918400,"[X, [[X, [[[X, Y], Y], Y]], [[X, [[[[X, Y], Y], Y], Y]], [[X, Y], Y]]]]"
15,6,9,-2579.0 / 2223936000,"[X, [[X, [[[X, Y], Y], Y]], [[X, [[[[[X, Y], Y], Y], Y], Y]], [X, Y]]]]"
15,5,10,-527.0 / 4843238400,"[X, [[X, [[[X, Y], Y], Y]], [X, [[[[[[[X, Y], Y], Y], Y], Y], Y], Y]]]]"
15,7,8,-71.0 / 1037836800,"[[X, [[X, [[[X, Y], Y], Y]], [X, Y]]], [X, [X, [[[[X, Y], Y], Y], Y]]]]"
15,8,7,11327.0 / 21794572800,"[[X, [[X, [[[X, Y], Y], Y]], [X, Y]]], [[X, [X, Y]], [X, [[X, Y], Y]]]]"
15,8,7,983.0 / 726485760,"[[X, [[X, [[[X, Y], Y], Y]], [X, Y]]], [[[X, [X, Y]], [X, Y]], [X, Y]]]"
15,7,8,37.0 / 259459200,"[[X, [[X, [[[X, Y], Y], Y]], [X, Y]]], [X, [[X, Y], [[[X, Y], Y], Y]]]]"
15,8,7,22879.0 / 10897286400,"[[[X, [[X, [[[X, Y], Y], Y]], [X, Y]]], [X, [[X, Y], Y]]], [X, [X, Y]]]"
15,7,8,1283.0 / 1556755200,"[[X, [[X, [[[X, Y], Y], Y]], [X, Y]]], [[X, [[X, Y], Y]], [[X, Y], Y]]]"
15,7,8,293.0 / 389188800,"[[X, [[X, [[[X, Y], Y], Y]], [X, Y]]], [[X, [[[X, Y], Y], Y]], [X, Y]]]"
15,6,9,-313.0 / 399168000,"[X, [[[X, [[[X, Y], Y], Y]], [X, Y]], [X, [[[[[X, Y], Y], Y], Y], Y]]]]"
15,8,7,25849.0 / 7264857600,"[[X, [[[X, [[[X, Y], Y], Y]], [X, Y]], [X, Y]]], [[X, [X, Y]], [X, Y]]]"
15,7,8,11.0 / 11793600,"[[X, [[[X, [[[X, Y], Y], Y]], [X, Y]], [X, Y]]], [X, [[[X, Y], Y], Y]]]"
15,8,7,1283.0 / 201801600,"[[X, [[[[X, [[[X, Y], Y], Y]], [X, Y]], [X, Y]], [X, Y]]], [X, [X, Y]]]"
15,7,8,449.0 / 172972800,"[X, [[X, [[[X, Y], Y], Y]], [[X, Y], [[X, Y], [[X, Y], [[X, Y], Y]]]]]]"
15,7,8,3761.0 / 259459200,"[X, [[[X, [[[X, Y], Y], Y]], [[X, Y], [[X, Y], [[X, Y], Y]]]], [X, Y]]]"
15,6,9,4421.0 / 3113510400,"[X, [[X, [[[X, Y], Y], Y]], [[X, Y], [[X, Y], [[[[X, Y], Y], Y], Y]]]]]"
15,7,8,1483.0 / 1556755200,"[[X, [[X, [[[X, Y], Y], Y]], [[X, Y], [[X, Y], Y]]]], [X, [[X, Y], Y]]]"
15,7,8,4079.0 / 172972800,"[X, [[[[X, [[[X, Y], Y], Y]], [[X, Y], [[X, Y], Y]]], [X, Y]], [X, Y]]]"
15,6,9,1087.0 / 778377600,"[X, [[X, [[[X, Y], Y], Y]], [[X, Y], [[[X, Y], Y], [[[X, Y], Y], Y]]]]]"
15,7,8,127.0 / 129729600,"[[X, [[X, [[[X, Y], Y], Y]], [[X, Y], [[[X, Y], Y], Y]]]], [X, [X, Y]]]"
15,6,9,457.0 / 1556755200,"[X, [[X, [[[X, Y], Y], Y]], [[[X, Y], [[[X, Y], Y], Y]], [[X, Y], Y]]]]"
15,6,9,-73.0 / 345945600,"[X, [[[X, [[[X, Y], Y], Y]], [[X, Y], [[[[X, Y], Y], Y], Y]]], [X, Y]]]"
15,5,10,-2963.0 / 6227020800,"[X, [[X, [[[X, Y], Y], Y]], [[X, Y], [[[[[[X, Y], Y], Y], Y], Y], Y]]]]"
15,8,7,3431.0 / 1452971520,"[[[X, [[X, [[[X, Y], Y], Y]], [[X, Y], Y]]], [X, [X, Y]]], [X, [X, Y]]]"
15,7,8,1.0 / 1478400,"[[X, [[X, [[[X, Y], Y], Y]], [[X, Y], Y]]], [X, [[X, Y], [[X, Y], Y]]]]"
15,7,8,47.0 / 23587200,"[[X, [[X, [[[X, Y], Y], Y]], [[X, Y], Y]]], [[X, [[X, Y], Y]], [X, Y]]]"
15,6,9,-167.0 / 1245404160,"[X, [[[X, [[[X, Y], Y], Y]], [[X, Y], Y]], [X, [[[[X, Y], Y], Y], Y]]]]"
15,7,8,1249.0 / 389188800,"[[X, [[[X, [[[X, Y], Y], Y]], [[X, Y], Y]], [X, Y]]], [X, [[X, Y], Y]]]"
15,7,8,1717.0 / 64864800,"[X, [[[[[X, [[[X, Y], Y], Y]], [[X, Y], Y]], [X, Y]], [X, Y]], [X, Y]]]"
15,6,9,839.0 / 172972800,"[X, [[[X, [[[X, Y], Y], Y]], [[X, Y], Y]], [[X, Y], [[[X, Y], Y], Y]]]]"
15,7,8,1.0 / 218400,"[[X, [[[X, [[[X, Y], Y], Y]], [[X, Y], Y]], [[X, Y], Y]]], [X, [X, Y]]]"
15,6,9,101.0 / 16473600,"[X, [[[[X, [[[X, Y], Y], Y]], [[X, Y], Y]], [[X, Y], Y]], [[X, Y], Y]]]"
15,6,9,4723.0 / 518918400,"[X, [[[X, [[[X, Y], Y], Y]], [[[X, Y], Y], [[[X, Y], Y], Y]]], [X, Y]]]"
15,5,10,-149.0 / 296524800,"[X, [[X, [[[X, Y], Y], Y]], [[[X, Y], Y], [[[[[X, Y], Y], Y], Y], Y]]]]"
15,7,8,599.0 / 778377600,"[[X, [[X, [[[X, Y], Y], Y]], [[[X, Y], Y], Y]]], [[X, [X, Y]], [X, Y]]]"
15,6,9,5.0 / 26687232,"[[X, [[X, [[[X, Y], Y], Y]], [[[X, Y], Y], Y]]], [X, [[[X, Y], Y], Y]]]"
15,7,8,1061.0 / 259459200,"[[X, [[[X, [[[X, Y], Y], Y]], [[[X, Y], Y], Y]], [X, Y]]], [X, [X, Y]]]"
15,6,9,19.0 / 3706560,"[X, [[[X, [[[X, Y], Y], Y]], [[[X, Y], Y], Y]], [[X, Y], [[X, Y], Y]]]]"
15,6,9,1381.0 / 86486400,"[X, [[[[X, [[[X, Y], Y], Y]], [[[X, Y], Y], Y]], [[X, Y], Y]], [X, Y]]]"
15,5,10,415.0 / 249080832,"[X, [X, [[[[X, Y], Y], Y], [[[[X, Y], Y], Y], [[[[X, Y], Y], Y], Y]]]]]"
15,6,9,821.0 / 6227020800,"[[X, [X, [[[[X, Y], Y], Y], [[[[X, Y], Y], Y], Y]]]], [X, [[X, Y], Y]]]"
15,6,9,49.0 / 29652480,"[X, [[[X, [[[[X, Y], Y], Y], [[[[X, Y], Y], Y], Y]]], [X, Y]], [X, Y]]]"
15,5,10,241.0 / 249080832,"[X, [[X, [[[[X, Y], Y], Y], [[[[X, Y], Y], Y], Y]]], [[[X, Y], Y], Y]]]"
15,6,9,-1049.0 / 3113510400,"[[X, [X, [[[[X, Y], Y], Y], [[[[[X, Y], Y], Y], Y], Y]]]], [X, [X, Y]]]"
15,5,10,-59.0 / 98841600,"[X, [[X, [[[[X, Y], Y], Y], [[[[[X, Y], Y], Y], Y], Y]]], [[X, Y], Y]]]"
15,5,10,-9467.0 / 6227020800,"[X, [[X, [[[[X, Y], Y], Y], [[[[[[X, Y], Y], Y], Y], Y], Y]]], [X, Y]]]"
15,4,11,-601.0 / 2641766400,"[X, [X, [[[[X, Y], Y], Y], [[[[[[[[X, Y], Y], Y], Y], Y], Y], Y], Y]]]]"
15,6,9,31.0 / 4151347200,"[[X, [X, [[[[X, Y], Y], Y], Y]]], [X, [X, [[[[[X, Y], Y], Y], Y], Y]]]]"
15,8,7,151.0 / 403603200,"[[X, [X, [[[[X, Y], Y], Y], Y]]], [[X, [X, Y]], [[X, [X, Y]], [X, Y]]]]"
15,7,8,19.0 / 283046400,"[[X, [X, [[[[X, Y], Y], Y], Y]]], [[X, [X, Y]], [X, [[[X, Y], Y], Y]]]]"
15,8,7,3463.0 / 3353011200,"[[[X, [X, [[[[X, Y], Y], Y], Y]]], [[X, [X, Y]], [X, Y]]], [X, [X, Y]]]"
15,7,8,11.0 / 141523200,"[[X, [X, [[[[X, Y], Y], Y], Y]]], [X, [[X, Y], [[X, Y], [[X, Y], Y]]]]]"
15,7,8,617.0 / 1556755200,"[[X, [X, [[[[X, Y], Y], Y], Y]]], [[X, [[X, Y], [[X, Y], Y]]], [X, Y]]]"
15,6,9,31.0 / 830269440,"[[X, [X, [[[[X, Y], Y], Y], Y]]], [X, [[X, Y], [[[[X, Y], Y], Y], Y]]]]"
15,7,8,1.0 / 7862400,"[[[X, [X, [[[[X, Y], Y], Y], Y]]], [X, [[X, Y], Y]]], [X, [[X, Y], Y]]]"
15,7,8,263.0 / 444787200,"[[X, [X, [[[[X, Y], Y], Y], Y]]], [[[X, [[X, Y], Y]], [X, Y]], [X, Y]]]"
15,6,9,59.0 / 691891200,"[[X, [X, [[[[X, Y], Y], Y], Y]]], [X, [[[X, Y], Y], [[[X, Y], Y], Y]]]]"
15,7,8,67.0 / 259459200,"[[[X, [X, [[[[X, Y], Y], Y], Y]]], [X, [[[X, Y], Y], Y]]], [X, [X, Y]]]"
15,6,9,1.0 / 4942080,"[[X, [X, [[[[X, Y], Y], Y], Y]]], [[X, [[[X, Y], Y], Y]], [[X, Y], Y]]]"
15,6,9,-1.0 / 11321856,"[X, [[X, [[[[X, Y], Y], Y], Y]], [[X, [[[[X, Y], Y], Y], Y]], [X, Y]]]]"
15,5,10,-1723.0 / 24908083200,"[X, [[X, [[[[X, Y], Y], Y], Y]], [X, [[[[[[X, Y], Y], Y], Y], Y], Y]]]]"
15,8,7,33079.0 / 14529715200,"[[[X, [[X, [[[[X, Y], Y], Y], Y]], [X, Y]]], [X, [X, Y]]], [X, [X, Y]]]"
15,7,8,13.0 / 19958400,"[[X, [[X, [[[[X, Y], Y], Y], Y]], [X, Y]]], [X, [[X, Y], [[X, Y], Y]]]]"
15,7,8,1.0 / 579150,"[[X, [[X, [[[[X, Y], Y], Y], Y]], [X, Y]]], [[X, [[X, Y], Y]], [X, Y]]]"
15,6,9,53.0 / 415134720,"[[X, [[X, [[[[X, Y], Y], Y], Y]], [X, Y]]], [X, [[[[X, Y], Y], Y], Y]]]"
15,7,8,859.0 / 622702080,"[[X, [[[X, [[[[X, Y], Y], Y], Y]], [X, Y]], [X, Y]]], [X, [[X, Y], Y]]]"
15,7,8,1223.0 / 207567360,"[X, [[[[[X, [[[[X, Y], Y], Y], Y]], [X, Y]], [X, Y]], [X, Y]], [X, Y]]]"
15,6,9,1621.0 / 1037836800,"[X, [[X, [[[[X, Y], Y], Y], Y]], [[X, Y], [[X, Y], [[[X, Y], Y], Y]]]]]"
15,7,8,149.0 / 57657600,"[[X, [[X, [[[[X, Y], Y], Y], Y]], [[X, Y], [[X, Y], Y]]]], [X, [X, Y]]]"
15,6,9,179.0 / 74131200,"[X, [[X, [[[[X, Y], Y], Y], Y]], [[[X, Y], [[X, Y], Y]], [[X, Y], Y]]]]"
15,6,9,179.0 / 37065600,"[X, [[[X, [[[[X, Y], Y], Y], Y]], [[X, Y], [[[X, Y], Y], Y]]], [X, Y]]]"
15,5,10,-431.0 / 4151347200,"[X, [[X, [[[[X, Y], Y], Y], Y]], [[X, Y], [[[[[X, Y], Y], Y], Y], Y]]]]"
15,7,8,2347.0 / 1556755200,"[[X, [[X, [[[[X, Y], Y], Y], Y]], [[X, Y], Y]]], [[X, [X, Y]], [X, Y]]]"
15,6,9,1091.0 / 3113510400,"[[X, [[X, [[[[X, Y], Y], Y], Y]], [[X, Y], Y]]], [X, [[[X, Y], Y], Y]]]"
15,7,8,4133.0 / 518918400,"[[X, [[[X, [[[[X, Y], Y], Y], Y]], [[X, Y], Y]], [X, Y]]], [X, [X, Y]]]"
15,6,9,5099.0 / 518918400,"[X, [[[X, [[[[X, Y], Y], Y], Y]], [[X, Y], Y]], [[X, Y], [[X, Y], Y]]]]"
15,6,9,5149.0 / 345945600,"[X, [[[[X, [[[[X, Y], Y], Y], Y]], [[X, Y], Y]], [[X, Y], Y]], [X, Y]]]"
15,5,10,929.0 / 1660538880,"[X, [[X, [[[[X, Y], Y], Y], Y]], [[[X, Y], Y], [[[[X, Y], Y], Y], Y]]]]"
15,6,9,1.0 / 1871100,"[[X, [[X, [[[[X, Y], Y], Y], Y]], [[[X, Y], Y], Y]]], [X, [[X, Y], Y]]]"
15,6,9,12941.0 / 1037836800,"[X, [[[[X, [[[[X, Y], Y], Y], Y]], [[[X, Y], Y], Y]], [X, Y]], [X, Y]]]"
15,5,10,383.0 / 177914880,"[X, [[[X, [[[[X, Y], Y], Y], Y]], [[[X, Y], Y], Y]], [[[X, Y], Y], Y]]]"
15,6,9,1249.0 / 2490808320,"[[X, [[X, [[[[X, Y], Y], Y], Y]], [[[[X, Y], Y], Y], Y]]], [X, [X, Y]]]"
15,5,10,439.0 / 237219840,"[X, [[[X, [[[[X, Y], Y], Y], Y]], [[[[X, Y], Y], Y], Y]], [[X, Y], Y]]]"
15,5,10,-323.0 / 4151347200,"[X, [[X, [[[[[X, Y], Y], Y], Y], [[[[[X, Y], Y], Y], Y], Y]]], [X, Y]]]"
15,4,11,-1217.0 / 4843238400,"[X, [X, [[[[[X, Y], Y], Y], Y], [[[[[[[X, Y], Y], Y], Y], Y], Y], Y]]]]"
15,7,8,43.0 / 432432000,"[[X, [X, [[[[[X, Y], Y], Y], Y], Y]]], [[X, [X, Y]], [X, [[X, Y], Y]]]]"
15,7,8,589.0 / 2594592000,"[[X, [X, [[[[[X, Y], Y], Y], Y], Y]]], [[[X, [X, Y]], [X, Y]], [X, Y]]]"
15,6,9,157.0 / 5189184000,"[[X, [X, [[[[[X, Y], Y], Y], Y], Y]]], [X, [[X, Y], [[[X, Y], Y], Y]]]]"
15,7,8,151.0 / 432432000,"[[[X, [X, [[[[[X, Y], Y], Y], Y], Y]]], [X, [[X, Y], Y]]], [X, [X, Y]]]"
15,6,9,11.0 / 104832000,"[[X, [X, [[[[[X, Y], Y], Y], Y], Y]]], [[X, [[X, Y], Y]], [[X, Y], Y]]]"
15,6,9,233.0 / 1297296000,"[[X, [X, [[[[[X, Y], Y], Y], Y], Y]]], [[X, [[[X, Y], Y], Y]], [X, Y]]]"
15,5,10,137.0 / 20756736000,"[[X, [X, [[[[[X, Y], Y], Y], Y], Y]]], [X, [[[[[X, Y], Y], Y], Y], Y]]]"
15,7,8,73.0 / 57657600,"[[X, [[X, [[[[[X, Y], Y], Y], Y], Y]], [X, Y]]], [[X, [X, Y]], [X, Y]]]"
15,6,9,1087.0 / 3891888000,"[[X, [[X, [[[[[X, Y], Y], Y], Y], Y]], [X, Y]]], [X, [[[X, Y], Y], Y]]]"
15,7,8,1069.0 / 324324000,"[[X, [[[X, [[[[[X, Y], Y], Y], Y], Y]], [X, Y]], [X, Y]]], [X, [X, Y]]]"
15,6,9,527.0 / 247104000,"[X, [[X, [[[[[X, Y], Y], Y], Y], Y]], [[X, Y], [[X, Y], [[X, Y], Y]]]]]"
15,6,9,13513.0 / 1729728000,"[X, [[[X, [[[[[X, Y], Y], Y], Y], Y]], [[X, Y], [[X, Y], Y]]], [X, Y]]]"
15,5,10,149.0 / 461260800,"[X, [[X, [[[[[X, Y], Y], Y], Y], Y]], [[X, Y], [[[[X, Y], Y], Y], Y]]]]"
15,6,9,1219.0 / 2594592000,"[[X, [[X, [[[[[X, Y], Y], Y], Y], Y]], [[X, Y], Y]]], [X, [[X, Y], Y]]]"
15,6,9,19559.0 / 1729728000,"[X, [[[[X, [[[[[X, Y], Y], Y], Y], Y]], [[X, Y], Y]], [X, Y]], [X, Y]]]"
15,5,10,103.0 / 76876800,"[X, [[X, [[[[[X, Y], Y], Y], Y], Y]], [[[X, Y], Y], [[[X, Y], Y], Y]]]]"
15,6,9,7883.0 / 7783776000,"[[X, [[X, [[[[[X, Y], Y], Y], Y], Y]], [[[X, Y], Y], Y]]], [X, [X, Y]]]"
15,5,10,3737.0 / 1037836800,"[X, [[[X, [[[[[X, Y], Y], Y], Y], Y]], [[[X, Y], Y], Y]], [[X, Y], Y]]]"
15,5,10,1643.0 / 691891200,"[X, [[[X, [[[[[X, Y], Y], Y], Y], Y]], [[[[X, Y], Y], Y], Y]], [X, Y]]]"
15,4,11,-211.0 / 2830464000,"[X, [X, [[[[[[X, Y], Y], Y], Y], Y], [[[[[[X, Y], Y], Y], Y], Y], Y]]]]"
15,7,8,11.0 / 39312000,"[[[X, [X, [[[[[[X, Y], Y], Y], Y], Y], Y]]], [X, [X, Y]]], [X, [X, Y]]]"
15,6,9,71.0 / 889574400,"[[X, [X, [[[[[[X, Y], Y], Y], Y], Y], Y]]], [X, [[X, Y], [[X, Y], Y]]]]"
15,6,9,2953.0 / 15567552000,"[[X, [X, [[[[[[X, Y], Y], Y], Y], Y], Y]]], [[X, [[X, Y], Y]], [X, Y]]]"
15,5,10,31.0 / 4151347200,"[[X, [X, [[[[[[X, Y], Y], Y], Y], Y], Y]]], [X, [[[[X, Y], Y], Y], Y]]]"
15,6,9,433.0 / 1415232000,"[[X, [[X, [[[[[[X, Y], Y], Y], Y], Y], Y]], [X, Y]]], [X, [[X, Y], Y]]]"
15,6,9,20567.0 / 7783776000,"[X, [[[[X, [[[[[[X, Y], Y], Y], Y], Y], Y]], [X, Y]], [X, Y]], [X, Y]]]"
15,5,10,1291.0 / 2075673600,"[X, [[X, [[[[[[X, Y], Y], Y], Y], Y], Y]], [[X, Y], [[[X, Y], Y], Y]]]]"
15,6,9,13499.0 / 15567552000,"[[X, [[X, [[[[[[X, Y], Y], Y], Y], Y], Y]], [[X, Y], Y]]], [X, [X, Y]]]"
15,5,10,6049.0 / 4151347200,"[X, [[[X, [[[[[[X, Y], Y], Y], Y], Y], Y]], [[X, Y], Y]], [[X, Y], Y]]]"
15,5,10,61.0 / 26611200,"[X, [[[X, [[[[[[X, Y], Y], Y], Y], Y], Y]], [[[X, Y], Y], Y]], [X, Y]]]"
15,4,11,2251.0 / 15567552000,"[X, [[X, [[[[[[X, Y], Y], Y], Y], Y], Y]], [[[[[X, Y], Y], Y], Y], Y]]]"
15,6,9,11689.0 / 108972864000,"[[X, [X, [[[[[[[X, Y], Y], Y], Y], Y], Y], Y]]], [[X, [X, Y]], [X, Y]]]"
15,5,10,71.0 / 3113510400,"[[X, [X, [[[[[[[X, Y], Y], Y], Y], Y], Y], Y]]], [X, [[[X, Y], Y], Y]]]"
15,6,9,341.0 / 619164000,"[[X, [[X, [[[[[[[X, Y], Y], Y], Y], Y], Y], Y]], [X, Y]]], [X, [X, Y]]]"
15,5,10,9197.0 / 14529715200,"[X, [[X, [[[[[[[X, Y], Y], Y], Y], Y], Y], Y]], [[X, Y], [[X, Y], Y]]]]"
15,5,10,4219.0 / 2421619200,"[X, [[[X, [[[[[[[X, Y], Y], Y], Y], Y], Y], Y]], [[X, Y], Y]], [X, Y]]]"
15,4,11,3187.0 / 21794572800,"[X, [[X, [[[[[[[X, Y], Y], Y], Y], Y], Y], Y]], [[[[X, Y], Y], Y], Y]]]"
15,5,10,331.0 / 19372953600,"[[X, [X, [[[[[[[[X, Y], Y], Y], Y], Y], Y], Y], Y]]], [X, [[X, Y], Y]]]"
15,5,10,27889.0 / 58118860800,"[X, [[[X, [[[[[[[[X, Y], Y], Y], Y], Y], Y], Y], Y]], [X, Y]], [X, Y]]]"
15,4,11,5527.0 / 43589145600,"[X, [[X, [[[[[[[[X, Y], Y], Y], Y], Y], Y], Y], Y]], [[[X, Y], Y], Y]]]"
15,5,10,1.0 / 37324800,"[[X, [X, [[[[[[[[[X, Y], Y], Y], Y], Y], Y], Y], Y], Y]]], [X, [X, Y]]]"
15,4,11,10441.0 / 130767436800,"[X, [[X, [[[[[[[[[X, Y], Y], Y], Y], Y], Y], Y], Y], Y]], [[X, Y], Y]]]"
15,4,11,277.0 / 7429968000,"[X, [[X, [[[[[[[[[[X, Y], Y], Y], Y], Y], Y], Y], Y], Y], Y]], [X, Y]]]"
15,3,12,277.0 / 245188944000,"[X, [X, [[[[[[[[[[[[X, Y], Y], Y], Y], Y], Y], Y], Y], Y], Y], Y], Y]]]"
15,9,6,181.0 / 726485760,"[[X, [X, Y]], [[X, [X, Y]], [[X, [X, Y]], [X, [[X, Y], [[X, Y], Y]]]]]]"
15,9,6,14647.0 / 3632428800,"[[X, [X, Y]], [[X, [X, Y]], [[X, [X, Y]], [[X, [[X, Y], Y]], [X, Y]]]]]"
15,8,7,15473.0 / 9686476800,"[[X, [X, Y]], [[X, [X, Y]], [[X, [X, Y]], [X, [[[[X, Y], Y], Y], Y]]]]]"
15,9,6,149.0 / 1210809600,"[[X, [X, Y]], [[X, [X, Y]], [[[X, [X, Y]], [X, Y]], [X, [[X, Y], Y]]]]]"
15,9,6,-7547.0 / 3632428800,"[[X, [X, Y]], [[X, [X, Y]], [[[[X, [X, Y]], [X, Y]], [X, Y]], [X, Y]]]]"
15,8,7,-11159.0 / 7264857600,"[[X, [X, Y]], [[X, [X, Y]], [X, [[X, Y], [[X, Y], [[[X, Y], Y], Y]]]]]]"
15,8,7,2657.0 / 4843238400,"[[X, [X, Y]], [[X, [X, Y]], [X, [[[X, Y], [[X, Y], Y]], [[X, Y], Y]]]]]"
15,8,7,2657.0 / 2421619200,"[[X, [X, Y]], [[X, [X, Y]], [[X, [[X, Y], [[[X, Y], Y], Y]]], [X, Y]]]]"
15,7,8,5363.0 / 5189184000,"[[X, [X, Y]], [[X, [X, Y]], [X, [[X, Y], [[[[[X, Y], Y], Y], Y], Y]]]]]"
15,9,6,-1201.0 / 605404800,"[[X, [X, Y]], [[[X, [X, Y]], [X, [[X, Y], Y]]], [[X, [X, Y]], [X, Y]]]]"
15,8,7,659.0 / 1614412800,"[[X, [X, Y]], [[X, [X, Y]], [[X, [[X, Y], Y]], [X, [[[X, Y], Y], Y]]]]]"
15,8,7,-4409.0 / 968647680,"[[X, [X, Y]], [[X, [X, Y]], [[X, [[X, Y], Y]], [[X, Y], [[X, Y], Y]]]]]"
15,8,7,-50021.0 / 4843238400,"[[X, [X, Y]], [[X, [X, Y]], [[[X, [[X, Y], Y]], [[X, Y], Y]], [X, Y]]]]"
15,7,8,107.0 / 159667200,"[[X, [X, Y]], [[X, [X, Y]], [X, [[[X, Y], Y], [[[[X, Y], Y], Y], Y]]]]]"
15,8,7,-3593.0 / 2421619200,"[[X, [X, Y]], [[[X, [X, Y]], [X, [[[X, Y], Y], Y]]], [X, [[X, Y], Y]]]]"
15,8,7,-26339.0 / 2421619200,"[[X, [X, Y]], [[X, [X, Y]], [[[X, [[[X, Y], Y], Y]], [X, Y]], [X, Y]]]]"
15,7,8,-3811.0 / 1556755200,"[[X, [X, Y]], [[X, [X, Y]], [[X, [[[X, Y], Y], Y]], [[[X, Y], Y], Y]]]]"
15,7,8,-5041.0 / 1037836800,"[[X, [X, Y]], [[X, [X, Y]], [[X, [[[[X, Y], Y], Y], Y]], [[X, Y], Y]]]]"
15,7,8,-1531.0 / 370656000,"[[X, [X, Y]], [[X, [X, Y]], [[X, [[[[[X, Y], Y], Y], Y], Y]], [X, Y]]]]"
15,6,9,-167.0 / 471744000,"[[X, [X, Y]], [[X, [X, Y]], [X, [[[[[[[X, Y], Y], Y], Y], Y], Y], Y]]]]"
15,9,6,-149.0 / 454053600,"[[[X, [X, Y]], [[X, [X, Y]], [X, Y]]], [[X, [X, Y]], [X, [[X, Y], Y]]]]"
15,9,6,-1.0 / 1121120,"[[X, [X, Y]], [[[X, [X, Y]], [X, Y]], [[[X, [X, Y]], [X, Y]], [X, Y]]]]"
15,8,7,10069.0 / 10897286400,"[[X, [X, Y]], [[[X, [X, Y]], [X, Y]], [X, [[X, Y], [[[X, Y], Y], Y]]]]]"
15,8,7,-19871.0 / 7264857600,"[[X, [X, Y]], [[[X, [X, Y]], [X, Y]], [[X, [[X, Y], Y]], [[X, Y], Y]]]]"
15,8,7,-34841.0 / 5448643200,"[[X, [X, Y]], [[[X, [X, Y]], [X, Y]], [[X, [[[X, Y], Y], Y]], [X, Y]]]]"
15,7,8,-947.0 / 648648000,"[[X, [X, Y]], [[[X, [X, Y]], [X, Y]], [X, [[[[[X, Y], Y], Y], Y], Y]]]]"
15,9,6,61.0 / 38918880,"[[[X, [X, Y]], [[[X, [X, Y]], [X, Y]], [X, Y]]], [[X, [X, Y]], [X, Y]]]"
15,8,7,-1147.0 / 1210809600,"[[X, [X, Y]], [[[[X, [X, Y]], [X, Y]], [X, Y]], [X, [[[X, Y], Y], Y]]]]"
15,8,7,7619.0 / 7264857600,"[[X, [X, Y]], [X, [[X, Y], [[X, Y], [[X, Y], [[X, Y], [[X, Y], Y]]]]]]]"
15,8,7,12871.0 / 7264857600,"[[X, [X, Y]], [[X, [[X, Y], [[X, Y], [[X, Y], [[X, Y], Y]]]]], [X, Y]]]"
15,7,8,-29.0 / 17297280,"[[X, [X, Y]], [X, [[X, Y], [[X, Y], [[X, Y], [[[[X, Y], Y], Y], Y]]]]]]"
15,8,7,6833.0 / 7264857600,"[[X, [X, Y]], [[X, [[X, Y], [[X, Y], [[X, Y], Y]]]], [X, [[X, Y], Y]]]]"
15,8,7,29437.0 / 3632428800,"[[X, [X, Y]], [[[X, [[X, Y], [[X, Y], [[X, Y], Y]]]], [X, Y]], [X, Y]]]"
15,7,8,5.0 / 10378368,"[[X, [X, Y]], [X, [[X, Y], [[X, Y], [[[X, Y], Y], [[[X, Y], Y], Y]]]]]]"
15,7,8,19.0 / 2851200,"[[X, [X, Y]], [X, [[X, Y], [[[X, Y], [[[X, Y], Y], Y]], [[X, Y], Y]]]]]"
15,7,8,61.0 / 16216200,"[[X, [X, Y]], [[X, [[X, Y], [[X, Y], [[[[X, Y], Y], Y], Y]]]], [X, Y]]]"
15,6,9,31.0 / 32032000,"[[X, [X, Y]], [X, [[X, Y], [[X, Y], [[[[[[X, Y], Y], Y], Y], Y], Y]]]]]"
15,8,7,53.0 / 807206400,"[[[X, [X, Y]], [X, [[X, Y], [[X, Y], Y]]]], [X, [[X, Y], [[X, Y], Y]]]]"
15,8,7,-293.0 / 172972800,"[[X, [X, Y]], [[X, [[X, Y], [[X, Y], Y]]], [[X, [[X, Y], Y]], [X, Y]]]]"
15,7,8,-113.0 / 129729600,"[[X, [X, Y]], [[X, [[X, Y], [[X, Y], Y]]], [X, [[[[X, Y], Y], Y], Y]]]]"
15,8,7,2441.0 / 2421619200,"[[X, [X, Y]], [[[X, [[X, Y], [[X, Y], Y]]], [X, Y]], [X, [[X, Y], Y]]]]"
15,8,7,7751.0 / 1210809600,"[[X, [X, Y]], [[[[X, [[X, Y], [[X, Y], Y]]], [X, Y]], [X, Y]], [X, Y]]]"
15,7,8,173.0 / 64864800,"[[X, [X, Y]], [X, [[[X, Y], [[X, Y], Y]], [[X, Y], [[[X, Y], Y], Y]]]]]"
15,7,8,-1.0 / 540540,"[[X, [X, Y]], [X, [[[[X, Y], [[X, Y], Y]], [[X, Y], Y]], [[X, Y], Y]]]]"
15,7,8,109.0 / 86486400,"[[X, [X, Y]], [[X, [[X, Y], [[[X, Y], Y], [[[X, Y], Y], Y]]]], [X, Y]]]"
15,6,9,817.0 / 518918400,"[[X, [X, Y]], [X, [[X, Y], [[[X, Y], Y], [[[[[X, Y], Y], Y], Y], Y]]]]]"
15,8,7,-163.0 / 495331200,"[[[X, [X, Y]], [X, [[X, Y], [[[X, Y], Y], Y]]]], [[X, [X, Y]], [X, Y]]]"
15,7,8,-113.0 / 194594400,"[[X, [X, Y]], [[X, [[X, Y], [[[X, Y], Y], Y]]], [X, [[[X, Y], Y], Y]]]]"
15,7,8,-23.0 / 129729600,"[[X, [X, Y]], [[X, [[X, Y], [[[X, Y], Y], Y]]], [[X, Y], [[X, Y], Y]]]]"
15,7,8,-1843.0 / 259459200,"[[X, [X, Y]], [[X, [[[X, Y], [[[X, Y], Y], Y]], [[X, Y], Y]]], [X, Y]]]"
15,6,9,1.0 / 25945920,"[[X, [X, Y]], [X, [[X, Y], [[[[X, Y], Y], Y], [[[[X, Y], Y], Y], Y]]]]]"
15,7,8,-449.0 / 518918400,"[[X, [X, Y]], [[X, [[X, Y], [[[[X, Y], Y], Y], Y]]], [X, [[X, Y], Y]]]]"
15,7,8,-163.0 / 51891840,"[[X, [X, Y]], [[[X, [[X, Y], [[[[X, Y], Y], Y], Y]]], [X, Y]], [X, Y]]]"
15,6,9,-5113.0 / 1556755200,"[[X, [X, Y]], [X, [[[X, Y], [[[[X, Y], Y], Y], Y]], [[[X, Y], Y], Y]]]]"
15,6,9,-8737.0 / 2594592000,"[[X, [X, Y]], [X, [[[X, Y], [[[[[X, Y], Y], Y], Y], Y]], [[X, Y], Y]]]]"
15,6,9,-6527.0 / 3891888000,"[[X, [X, Y]], [[X, [[X, Y], [[[[[[X, Y], Y], Y], Y], Y], Y]]], [X, Y]]]"
15,5,10,-1273.0 / 7264857600,"[[X, [X, Y]], [X, [[X, Y], [[[[[[[[X, Y], Y], Y], Y], Y], Y], Y], Y]]]]"
15,8,7,-4309.0 / 14529715200,"[[[X, [X, Y]], [X, [[X, Y], Y]]], [[X, [X, Y]], [X, [[[X, Y], Y], Y]]]]"
15,8,7,2689.0 / 4843238400,"[[[X, [X, Y]], [X, [[X, Y], Y]]], [X, [[X, Y], [[X, Y], [[X, Y], Y]]]]]"
15,8,7,2983.0 / 2075673600,"[[[X, [X, Y]], [X, [[X, Y], Y]]], [[X, [[X, Y], [[X, Y], Y]]], [X, Y]]]"
15,7,8,-401.0 / 2075673600,"[[[X, [X, Y]], [X, [[X, Y], Y]]], [X, [[X, Y], [[[[X, Y], Y], Y], Y]]]]"
15,8,7,1513.0 / 9686476800,"[[[[X, [X, Y]], [X, [[X, Y], Y]]], [X, [[X, Y], Y]]], [X, [[X, Y], Y]]]"
15,8,7,-5611.0 / 2075673600,"[[X, [X, Y]], [[X, [[X, Y], Y]], [[[X, [[X, Y], Y]], [X, Y]], [X, Y]]]]"
15,7,8,-79.0 / 345945600,"[[X, [X, Y]], [[X, [[X, Y], Y]], [X, [[[X, Y], Y], [[[X, Y], Y], Y]]]]]"
15,7,8,-31.0 / 10810800,"[[X, [X, Y]], [[X, [[X, Y], Y]], [[X, [[[X, Y], Y], Y]], [[X, Y], Y]]]]"
15,7,8,-529.0 / 172972800,"[[X, [X, Y]], [[X, [[X, Y], Y]], [[X, [[[[X, Y], Y], Y], Y]], [X, Y]]]]"
15,6,9,-6551.0 / 15567552000,"[[X, [X, Y]], [[X, [[X, Y], Y]], [X, [[[[[[X, Y], Y], Y], Y], Y], Y]]]]"
15,8,7,37.0 / 27518400,"[[[X, [X, Y]], [[X, [[X, Y], Y]], [X, Y]]], [X, [[X, Y], [[X, Y], Y]]]]"
15,8,7,1763.0 / 605404800,"[[[X, [X, Y]], [[X, [[X, Y], Y]], [X, Y]]], [[X, [[X, Y], Y]], [X, Y]]]"
15,7,8,-251.0 / 129729600,"[[X, [X, Y]], [[[X, [[X, Y], Y]], [X, Y]], [X, [[[[X, Y], Y], Y], Y]]]]"
15,8,7,54689.0 / 14529715200,"[[[X, [X, Y]], [[[X, [[X, Y], Y]], [X, Y]], [X, Y]]], [X, [[X, Y], Y]]]"
15,8,7,18943.0 / 2421619200,"[[X, [X, Y]], [[[[[X, [[X, Y], Y]], [X, Y]], [X, Y]], [X, Y]], [X, Y]]]"
15,7,8,19.0 / 5765760,"[[X, [X, Y]], [[X, [[X, Y], Y]], [[X, Y], [[X, Y], [[[X, Y], Y], Y]]]]]"
15,7,8,1.0 / 720720,"[[X, [X, Y]], [[X, [[X, Y], Y]], [[[X, Y], [[X, Y], Y]], [[X, Y], Y]]]]"
15,7,8,1.0 / 360360,"[[X, [X, Y]], [[[X, [[X, Y], Y]], [[X, Y], [[[X, Y], Y], Y]]], [X, Y]]]"
15,6,9,-7339.0 / 5189184000,"[[X, [X, Y]], [[X, [[X, Y], Y]], [[X, Y], [[[[[X, Y], Y], Y], Y], Y]]]]"
15,8,7,1531.0 / 726485760,"[[[X, [X, Y]], [[X, [[X, Y], Y]], [[X, Y], Y]]], [[X, [X, Y]], [X, Y]]]"
15,7,8,1.0 / 2494800,"[[X, [X, Y]], [[[X, [[X, Y], Y]], [[X, Y], Y]], [X, [[[X, Y], Y], Y]]]]"
15,7,8,317.0 / 43243200,"[[X, [X, Y]], [[[X, [[X, Y], Y]], [[X, Y], Y]], [[X, Y], [[X, Y], Y]]]]"
15,7,8,97.0 / 10810800,"[[X, [X, Y]], [[[[X, [[X, Y], Y]], [[X, Y], Y]], [[X, Y], Y]], [X, Y]]]"
15,6,9,211.0 / 83026944,"[[X, [X, Y]], [X, [[[X, Y], Y], [[[X, Y], Y], [[[[X, Y], Y], Y], Y]]]]]"
15,7,8,23.0 / 49420800,"[[[X, [X, Y]], [X, [[[X, Y], Y], [[[X, Y], Y], Y]]]], [X, [[X, Y], Y]]]"
15,7,8,11.0 / 2358720,"[[X, [X, Y]], [[[X, [[[X, Y], Y], [[[X, Y], Y], Y]]], [X, Y]], [X, Y]]]"
15,6,9,-1271.0 / 1556755200,"[[X, [X, Y]], [X, [[[[X, Y], Y], [[[X, Y], Y], Y]], [[[X, Y], Y], Y]]]]"
15,6,9,-71.0 / 230630400,"[[X, [X, Y]], [[X, [[[X, Y], Y], [[[[X, Y], Y], Y], Y]]], [[X, Y], Y]]]"
15,6,9,-53.0 / 21621600,"[[X, [X, Y]], [[X, [[[X, Y], Y], [[[[[X, Y], Y], Y], Y], Y]]], [X, Y]]]"
15,5,10,-379.0 / 807206400,"[[X, [X, Y]], [X, [[[X, Y], Y], [[[[[[[X, Y], Y], Y], Y], Y], Y], Y]]]]"
15,8,7,43.0 / 44029440,"[[[X, [X, Y]], [X, [[[X, Y], Y], Y]]], [[[X, [X, Y]], [X, Y]], [X, Y]]]"
15,7,8,41.0 / 518918400,"[[[X, [X, Y]], [X, [[[X, Y], Y], Y]]], [X, [[X, Y], [[[X, Y], Y], Y]]]]"
15,7,8,23.0 / 31449600,"[[[X, [X, Y]], [X, [[[X, Y], Y], Y]]], [[X, [[X, Y], Y]], [[X, Y], Y]]]"
15,7,8,1.0 / 778377600,"[[X, [X, Y]], [[X, [[[X, Y], Y], Y]], [[X, [[[X, Y], Y], Y]], [X, Y]]]]"
15,6,9,-1487.0 / 5189184000,"[[X, [X, Y]], [[X, [[[X, Y], Y], Y]], [X, [[[[[X, Y], Y], Y], Y], Y]]]]"
15,8,7,12379.0 / 2724321600,"[[[X, [X, Y]], [[X, [[[X, Y], Y], Y]], [X, Y]]], [[X, [X, Y]], [X, Y]]]"
15,7,8,359.0 / 259459200,"[[[X, [X, Y]], [[X, [[[X, Y], Y], Y]], [X, Y]]], [X, [[[X, Y], Y], Y]]]"
15,7,8,1.0 / 216216,"[[X, [X, Y]], [[X, [[[X, Y], Y], Y]], [[X, Y], [[X, Y], [[X, Y], Y]]]]]"
15,7,8,1.0 / 67392,"[[X, [X, Y]], [[[X, [[[X, Y], Y], Y]], [[X, Y], [[X, Y], Y]]], [X, Y]]]"
15,6,9,-67.0 / 389188800,"[[X, [X, Y]], [[X, [[[X, Y], Y], Y]], [[X, Y], [[[[X, Y], Y], Y], Y]]]]"
15,7,8,589.0 / 259459200,"[[[X, [X, Y]], [[X, [[[X, Y], Y], Y]], [[X, Y], Y]]], [X, [[X, Y], Y]]]"
15,7,8,23.0 / 900900,"[[X, [X, Y]], [[[[X, [[[X, Y], Y], Y]], [[X, Y], Y]], [X, Y]], [X, Y]]]"
15,6,9,47.0 / 16216200,"[[X, [X, Y]], [[X, [[[X, Y], Y], Y]], [[[X, Y], Y], [[[X, Y], Y], Y]]]]"
15,6,9,8159.0 / 1556755200,"[[X, [X, Y]], [[[X, [[[X, Y], Y], Y]], [[[X, Y], Y], Y]], [[X, Y], Y]]]"
15,6,9,283.0 / 311351040,"[[X, [X, Y]], [[X, [[[[X, Y], Y], Y], [[[[X, Y], Y], Y], Y]]], [X, Y]]]"
15,5,10,-113.0 / 194594400,"[[X, [X, Y]], [X, [[[[X, Y], Y], Y], [[[[[[X, Y], Y], Y], Y], Y], Y]]]]"
15,7,8,137.0 / 296524800,"[[[X, [X, Y]], [X, [[[[X, Y], Y], Y], Y]]], [X, [[X, Y], [[X, Y], Y]]]]"
15,7,8,223.0 / 172972800,"[[[X, [X, Y]], [X, [[[[X, Y], Y], Y], Y]]], [[X, [[X, Y], Y]], [X, Y]]]"
15,6,9,71.0 / 1245404160,"[[[X, [X, Y]], [X, [[[[X, Y], Y], Y], Y]]], [X, [[[[X, Y], Y], Y], Y]]]"
15,7,8,1063.0 / 518918400,"[[[X, [X, Y]], [[X, [[[[X, Y], Y], Y], Y]], [X, Y]]], [X, [[X, Y], Y]]]"
15,7,8,127.0 / 16216200,"[[X, [X, Y]], [[[[X, [[[[X, Y], Y], Y], Y]], [X, Y]], [X, Y]], [X, Y]]]"
15,6,9,4913.0 / 3113510400,"[[X, [X, Y]], [[X, [[[[X, Y], Y], Y], Y]], [[X, Y], [[[X, Y], Y], Y]]]]"
15,6,9,263.0 / 53222400,"[[X, [X, Y]], [[[X, [[[[X, Y], Y], Y], Y]], [[X, Y], Y]], [[X, Y], Y]]]"
15,6,9,1847.0 / 222393600,"[[X, [X, Y]], [[[X, [[[[X, Y], Y], Y], Y]], [[[X, Y], Y], Y]], [X, Y]]]"
15,5,10,-127.0 / 2075673600,"[[X, [X, Y]], [X, [[[[[X, Y], Y], Y], Y], [[[[[X, Y], Y], Y], Y], Y]]]]"
15,7,8,4657.0 / 5189184000,"[[[X, [X, Y]], [X, [[[[[X, Y], Y], Y], Y], Y]]], [[X, [X, Y]], [X, Y]]]"
15,6,9,47.0 / 235872000,"[[[X, [X, Y]], [X, [[[[[X, Y], Y], Y], Y], Y]]], [X, [[[X, Y], Y], Y]]]"
15,6,9,3433.0 / 1297296000,"[[X, [X, Y]], [[X, [[[[[X, Y], Y], Y], Y], Y]], [[X, Y], [[X, Y], Y]]]]"
15,6,9,2843.0 / 370656000,"[[X, [X, Y]], [[[X, [[[[[X, Y], Y], Y], Y], Y]], [[X, Y], Y]], [X, Y]]]"
15,5,10,151.0 / 188697600,"[[X, [X, Y]], [[X, [[[[[X, Y], Y], Y], Y], Y]], [[[[X, Y], Y], Y], Y]]]"
15,6,9,3743.0 / 15567552000,"[[[X, [X, Y]], [X, [[[[[[X, Y], Y], Y], Y], Y], Y]]], [X, [[X, Y], Y]]]"
15,6,9,42701.0 / 15567552000,"[[X, [X, Y]], [[[X, [[[[[[X, Y], Y], Y], Y], Y], Y]], [X, Y]], [X, Y]]]"
15,5,10,2441.0 / 3113510400,"[[X, [X, Y]], [[X, [[[[[[X, Y], Y], Y], Y], Y], Y]], [[[X, Y], Y], Y]]]"
15,5,10,4391.0 / 7264857600,"[[X, [X, Y]], [[X, [[[[[[[X, Y], Y], Y], Y], Y], Y], Y]], [[X, Y], Y]]]"
15,5,10,409.0 / 1210809600,"[[X, [X, Y]], [[X, [[[[[[[[X, Y], Y], Y], Y], Y], Y], Y], Y]], [X, Y]]]"
15,4,11,1.0 / 74649600,"[[X, [X, Y]], [X, [[[[[[[[[[X, Y], Y], Y], Y], Y], Y], Y], Y], Y], Y]]]"
15,8,7,-14537.0 / 10897286400,"[[[X, [X, Y]], [X, Y]], [[[X, [X, Y]], [X, Y]], [X, [[[X, Y], Y], Y]]]]"
15,8,7,1831.0 / 7264857600,"[[[X, [X, Y]], [X, Y]], [X, [[X, Y], [[X, Y], [[X, Y], [[X, Y], Y]]]]]]"
15,8,7,6541.0 / 1816214400,"[[[X, [X, Y]], [X, Y]], [[X, [[X, Y], [[X, Y], [[X, Y], Y]]]], [X, Y]]]"
15,7,8,493.0 / 444787200,"[[[X, [X, Y]], [X, Y]], [X, [[X, Y], [[X, Y], [[[[X, Y], Y], Y], Y]]]]]"
15,8,7,-2137.0 / 7264857600,"[[[X, [X, Y]], [X, Y]], [[X, [[X, Y], [[X, Y], Y]]], [X, [[X, Y], Y]]]]"
15,8,7,12263.0 / 3632428800,"[[[X, [X, Y]], [X, Y]], [[[X, [[X, Y], [[X, Y], Y]]], [X, Y]], [X, Y]]]"
15,7,8,127.0 / 518918400,"[[[X, [X, Y]], [X, Y]], [X, [[X, Y], [[[X, Y], Y], [[[X, Y], Y], Y]]]]]"
15,7,8,-11.0 / 4422600,"[[[X, [X, Y]], [X, Y]], [X, [[[X, Y], [[[X, Y], Y], Y]], [[X, Y], Y]]]]"
15,7,8,-6619.0 / 3113510400,"[[[X, [X, Y]], [X, Y]], [[X, [[X, Y], [[[[X, Y], Y], Y], Y]]], [X, Y]]]"
15,6,9,-997.0 / 1945944000,"[[[X, [X, Y]], [X, Y]], [X, [[X, Y], [[[[[[X, Y], Y], Y], Y], Y], Y]]]]"
15,8,7,443.0 / 2421619200,"[[[[X, [X, Y]], [X, Y]], [X, [[X, Y], Y]]], [X, [[X, Y], [[X, Y], Y]]]]"
15,8,7,-263.0 / 908107200,"[[[X, [X, Y]], [X, Y]], [[X, [[X, Y], Y]], [[X, [[X, Y], Y]], [X, Y]]]]"
15,7,8,-269.0 / 415134720,"[[[X, [X, Y]], [X, Y]], [[X, [[X, Y], Y]], [X, [[[[X, Y], Y], Y], Y]]]]"
15,8,7,67.0 / 34594560,"[[[[X, [X, Y]], [X, Y]], [[X, [[X, Y], Y]], [X, Y]]], [X, [[X, Y], Y]]]"
15,8,7,13021.0 / 1816214400,"[[[X, [X, Y]], [X, Y]], [[[[X, [[X, Y], Y]], [X, Y]], [X, Y]], [X, Y]]]"
15,7,8,37.0 / 119750400,"[[[X, [X, Y]], [X, Y]], [[X, [[X, Y], Y]], [[X, Y], [[[X, Y], Y], Y]]]]"
15,7,8,2371.0 / 1037836800,"[[[X, [X, Y]], [X, Y]], [[[X, [[X, Y], Y]], [[X, Y], Y]], [[X, Y], Y]]]"
15,7,8,349.0 / 172972800,"[[[X, [X, Y]], [X, Y]], [[X, [[[X, Y], Y], [[[X, Y], Y], Y]]], [X, Y]]]"
15,6,9,-1.0 / 1297296,"[[[X, [X, Y]], [X, Y]], [X, [[[X, Y], Y], [[[[[X, Y], Y], Y], Y], Y]]]]"
15,7,8,431.0 / 1556755200,"[[[[X, [X, Y]], [X, Y]], [X, [[[X, Y], Y], Y]]], [X, [[[X, Y], Y], Y]]]"
15,7,8,5861.0 / 1556755200,"[[[X, [X, Y]], [X, Y]], [[X, [[[X, Y], Y], Y]], [[X, Y], [[X, Y], Y]]]]"
15,7,8,10429.0 / 778377600,"[[[X, [X, Y]], [X, Y]], [[[X, [[[X, Y], Y], Y]], [[X, Y], Y]], [X, Y]]]"
15,6,9,61.0 / 311351040,"[[[X, [X, Y]], [X, Y]], [X, [[[[X, Y], Y], Y], [[[[X, Y], Y], Y], Y]]]]"
15,7,8,761.0 / 1037836800,"[[[[X, [X, Y]], [X, Y]], [X, [[[[X, Y], Y], Y], Y]]], [X, [[X, Y], Y]]]"
15,7,8,115.0 / 17791488,"[[[X, [X, Y]], [X, Y]], [[[X, [[[[X, Y], Y], Y], Y]], [X, Y]], [X, Y]]]"
15,6,9,1201.0 / 518918400,"[[[X, [X, Y]], [X, Y]], [[X, [[[[X, Y], Y], Y], Y]], [[[X, Y], Y], Y]]]"
15,6,9,1889.0 / 864864000,"[[[X, [X, Y]], [X, Y]], [[X, [[[[[X, Y], Y], Y], Y], Y]], [[X, Y], Y]]]"
15,6,9,4139.0 / 2594592000,"[[[X, [X, Y]], [X, Y]], [[X, [[[[[[X, Y], Y], Y], Y], Y], Y]], [X, Y]]]"
15,5,10,727.0 / 7264857600,"[[[X, [X, Y]], [X, Y]], [X, [[[[[[[[X, Y], Y], Y], Y], Y], Y], Y], Y]]]"
15,8,7,653.0 / 1452971520,"[[[[X, [X, Y]], [X, Y]], [X, Y]], [X, [[X, Y], [[X, Y], [[X, Y], Y]]]]]"
15,8,7,-17.0 / 1452971520,"[[[[X, [X, Y]], [X, Y]], [X, Y]], [[X, [[X, Y], [[X, Y], Y]]], [X, Y]]]"
15,7,8,-19.0 / 31449600,"[[[[X, [X, Y]], [X, Y]], [X, Y]], [X, [[X, Y], [[[[X, Y], Y], Y], Y]]]]"
15,8,7,-31.0 / 1320883200,"[[[[[X, [X, Y]], [X, Y]], [X, Y]], [X, [[X, Y], Y]]], [X, [[X, Y], Y]]]"
15,8,7,4223.0 / 1452971520,"[[[[X, [X, Y]], [X, Y]], [X, Y]], [[[X, [[X, Y], Y]], [X, Y]], [X, Y]]]"
15,7,8,113.0 / 518918400,"[[[[X, [X, Y]], [X, Y]], [X, Y]], [X, [[[X, Y], Y], [[[X, Y], Y], Y]]]]"
15,7,8,1.0 / 386100,"[[[[X, [X, Y]], [X, Y]], [X, Y]], [[X, [[[X, Y], Y], Y]], [[X, Y], Y]]]"
15,7,8,71.0 / 25945920,"[[[[X, [X, Y]], [X, Y]], [X, Y]], [[X, [[[[X, Y], Y], Y], Y]], [X, Y]]]"
15,6,9,823.0 / 2223936000,"[[[[X, [X, Y]], [X, Y]], [X, Y]], [X, [[[[[[X, Y], Y], Y], Y], Y], Y]]]"
15,8,7,-1247.0 / 2421619200,"[[[[[X, [X, Y]], [X, Y]], [X, Y]], [X, Y]], [X, [[X, Y], [[X, Y], Y]]]]"
15,8,7,-97.0 / 403603200,"[[[[[X, [X, Y]], [X, Y]], [X, Y]], [X, Y]], [[X, [[X, Y], Y]], [X, Y]]]"
15,7,8,19.0 / 43243200,"[[[[[X, [X, Y]], [X, Y]], [X, Y]], [X, Y]], [X, [[[[X, Y], Y], Y], Y]]]"
15,8,7,-1063.0 / 2421619200,"[[[[[[X, [X, Y]], [X, Y]], [X, Y]], [X, Y]], [X, Y]], [X, [[X, Y], Y]]]"
15,8,7,-29.0 / 172972800,"[[[[[[[X, [X, Y]], [X, Y]], [X, Y]], [X, Y]], [X, Y]], [X, Y]], [X, Y]]"
15,7,8,947.0 / 259459200,"[X, [[X, Y], [[X, Y], [[X, Y], [[X, Y], [[X, Y], [[[X, Y], Y], Y]]]]]]]"
15,7,8,-697.0 / 103783680,"[X, [[X, Y], [[X, Y], [[X, Y], [[[X, Y], [[X, Y], Y]], [[X, Y], Y]]]]]]"
15,7,8,-23.0 / 9266400,"[[X, [[X, Y], [[X, Y], [[X, Y], [[X, Y], [[[X, Y], Y], Y]]]]]], [X, Y]]"
15,6,9,-1123.0 / 259459200,"[X, [[X, Y], [[X, Y], [[X, Y], [[X, Y], [[[[[X, Y], Y], Y], Y], Y]]]]]]"
15,7,8,1.0 / 12355200,"[[X, [[X, Y], [[X, Y], [[X, Y], [[X, Y], Y]]]]], [X, [[[X, Y], Y], Y]]]"
15,7,8,347.0 / 86486400,"[X, [[X, Y], [[[X, Y], [[X, Y], [[X, Y], Y]]], [[X, Y], [[X, Y], Y]]]]]"
15,7,8,173.0 / 51891840,"[[X, [[X, Y], [[X, Y], [[[X, Y], [[X, Y], Y]], [[X, Y], Y]]]]], [X, Y]]"
15,6,9,-9.0 / 2562560,"[X, [[X, Y], [[X, Y], [[X, Y], [[[X, Y], Y], [[[[X, Y], Y], Y], Y]]]]]]"
15,7,8,-1.0 / 259459200,"[[X, [[X, Y], [[X, Y], [[X, Y], [[[X, Y], Y], Y]]]]], [X, [[X, Y], Y]]]"
15,7,8,17.0 / 19958400,"[[[X, [[X, Y], [[X, Y], [[X, Y], [[[X, Y], Y], Y]]]]], [X, Y]], [X, Y]]"
15,6,9,401.0 / 48648600,"[X, [[X, Y], [[X, Y], [[[X, Y], [[[X, Y], Y], Y]], [[[X, Y], Y], Y]]]]]"
15,6,9,19.0 / 1108800,"[X, [[X, Y], [[X, Y], [[[X, Y], [[[[X, Y], Y], Y], Y]], [[X, Y], Y]]]]]"
15,6,9,1307.0 / 518918400,"[[X, [[X, Y], [[X, Y], [[X, Y], [[[[[X, Y], Y], Y], Y], Y]]]]], [X, Y]]"
15,5,10,10229.0 / 7264857600,"[X, [[X, Y], [[X, Y], [[X, Y], [[[[[[[X, Y], Y], Y], Y], Y], Y], Y]]]]]"
15,7,8,-313.0 / 1556755200,"[[X, [[X, Y], [[X, Y], [[X, Y], Y]]]], [X, [[X, Y], [[[X, Y], Y], Y]]]]"
15,7,8,163.0 / 1037836800,"[[X, [[X, Y], [[X, Y], [[X, Y], Y]]]], [[X, [[X, Y], Y]], [[X, Y], Y]]]"
15,7,8,401.0 / 778377600,"[[X, [[X, Y], [[X, Y], [[X, Y], Y]]]], [[X, [[[X, Y], Y], Y]], [X, Y]]]"
15,6,9,89.0 / 471744000,"[[X, [[X, Y], [[X, Y], [[X, Y], Y]]]], [X, [[[[[X, Y], Y], Y], Y], Y]]]"
15,7,8,-17.0 / 129729600,"[[[X, [[X, Y], [[X, Y], [[X, Y], Y]]]], [X, Y]], [X, [[[X, Y], Y], Y]]]"
15,7,8,-251.0 / 259459200,"[[X, [[X, Y], [[X, Y], [[X, Y], Y]]]], [[X, Y], [[X, Y], [[X, Y], Y]]]]"
15,7,8,-347.0 / 86486400,"[[X, [[[X, Y], [[X, Y], [[X, Y], Y]]], [[X, Y], [[X, Y], Y]]]], [X, Y]]"
15,6,9,257.0 / 32432400,"[X, [[X, Y], [[[X, Y], [[X, Y], Y]], [[X, Y], [[[[X, Y], Y], Y], Y]]]]]"
15,7,8,-173.0 / 259459200,"[[X, [[X, Y], [[[X, Y], [[X, Y], Y]], [[X, Y], Y]]]], [X, [[X, Y], Y]]]"
15,7,8,-2339.0 / 518918400,"[[[X, [[X, Y], [[[X, Y], [[X, Y], Y]], [[X, Y], Y]]]], [X, Y]], [X, Y]]"
15,6,9,-3989.0 / 518918400,"[X, [[X, Y], [[X, Y], [[[X, Y], Y], [[[X, Y], Y], [[[X, Y], Y], Y]]]]]]"
15,6,9,-173.0 / 28828800,"[X, [[X, Y], [[[X, Y], [[[X, Y], Y], [[[X, Y], Y], Y]]], [[X, Y], Y]]]]"
15,6,9,83.0 / 41513472,"[[X, [[X, Y], [[X, Y], [[[X, Y], Y], [[[[X, Y], Y], Y], Y]]]]], [X, Y]]"
15,5,10,19133.0 / 6227020800,"[X, [[X, Y], [[X, Y], [[[X, Y], Y], [[[[[[X, Y], Y], Y], Y], Y], Y]]]]]"
15,7,8,-17.0 / 39916800,"[[X, [[X, Y], [[X, Y], [[[X, Y], Y], Y]]]], [X, [[X, Y], [[X, Y], Y]]]]"
15,7,8,-1.0 / 1310400,"[[X, [[X, Y], [[X, Y], [[[X, Y], Y], Y]]]], [[X, [[X, Y], Y]], [X, Y]]]"
15,6,9,67.0 / 1037836800,"[[X, [[X, Y], [[X, Y], [[[X, Y], Y], Y]]]], [X, [[[[X, Y], Y], Y], Y]]]"
15,7,8,-347.0 / 259459200,"[[[X, [[X, Y], [[X, Y], [[[X, Y], Y], Y]]]], [X, Y]], [X, [[X, Y], Y]]]"
15,7,8,-353.0 / 129729600,"[[[[X, [[X, Y], [[X, Y], [[[X, Y], Y], Y]]]], [X, Y]], [X, Y]], [X, Y]]"
15,6,9,-17.0 / 8108100,"[X, [[[X, Y], [[X, Y], [[[X, Y], Y], Y]]], [[X, Y], [[[X, Y], Y], Y]]]]"
15,6,9,-5813.0 / 259459200,"[X, [[X, Y], [[[[X, Y], [[[X, Y], Y], Y]], [[X, Y], Y]], [[X, Y], Y]]]]"
15,6,9,-3791.0 / 778377600,"[[X, [[X, Y], [[[X, Y], [[[X, Y], Y], Y]], [[[X, Y], Y], Y]]]], [X, Y]]"
15,5,10,89.0 / 41513472,"[X, [[X, Y], [[X, Y], [[[[X, Y], Y], Y], [[[[[X, Y], Y], Y], Y], Y]]]]]"
15,6,9,-227.0 / 1037836800,"[[X, [[X, Y], [[X, Y], [[[[X, Y], Y], Y], Y]]]], [X, [[[X, Y], Y], Y]]]"
15,6,9,-2939.0 / 518918400,"[X, [[[X, Y], [[X, Y], [[[[X, Y], Y], Y], Y]]], [[X, Y], [[X, Y], Y]]]]"
15,6,9,-5197.0 / 518918400,"[[X, [[X, Y], [[[X, Y], [[[[X, Y], Y], Y], Y]], [[X, Y], Y]]]], [X, Y]]"
15,5,10,-713.0 / 226437120,"[X, [[X, Y], [[[X, Y], [[[[X, Y], Y], Y], Y]], [[[[X, Y], Y], Y], Y]]]]"
15,6,9,-17.0 / 67392000,"[[X, [[X, Y], [[X, Y], [[[[[X, Y], Y], Y], Y], Y]]]], [X, [[X, Y], Y]]]"
15,6,9,-73.0 / 37065600,"[[[X, [[X, Y], [[X, Y], [[[[[X, Y], Y], Y], Y], Y]]]], [X, Y]], [X, Y]]"
15,5,10,-3343.0 / 518918400,"[X, [[X, Y], [[[X, Y], [[[[[X, Y], Y], Y], Y], Y]], [[[X, Y], Y], Y]]]]"
15,5,10,-17617.0 / 3113510400,"[X, [[X, Y], [[[X, Y], [[[[[[X, Y], Y], Y], Y], Y], Y]], [[X, Y], Y]]]]"
15,5,10,-2929.0 / 3632428800,"[[X, [[X, Y], [[X, Y], [[[[[[[X, Y], Y], Y], Y], Y], Y], Y]]]], [X, Y]]"
15,4,11,-46073.0 / 261534873600,"[X, [[X, Y], [[X, Y], [[[[[[[[[X, Y], Y], Y], Y], Y], Y], Y], Y], Y]]]]"
15,7,8,-61.0 / 345945600,"[[X, [[X, Y], [[X, Y], Y]]], [X, [[[X, Y], [[X, Y], Y]], [[X, Y], Y]]]]"
15,7,8,-61.0 / 172972800,"[[X, [[X, Y], [[X, Y], Y]]], [[X, [[X, Y], [[[X, Y], Y], Y]]], [X, Y]]]"
15,6,9,-83.0 / 288288000,"[[X, [[X, Y], [[X, Y], Y]]], [X, [[X, Y], [[[[[X, Y], Y], Y], Y], Y]]]]"
15,7,8,-1.0 / 7687680,"[[X, [[X, Y], [[X, Y], Y]]], [[X, [[X, Y], Y]], [X, [[[X, Y], Y], Y]]]]"
15,7,8,421.0 / 345945600,"[[X, [[X, Y], [[X, Y], Y]]], [[X, [[X, Y], Y]], [[X, Y], [[X, Y], Y]]]]"
15,7,8,977.0 / 345945600,"[[X, [[X, Y], [[X, Y], Y]]], [[[X, [[X, Y], Y]], [[X, Y], Y]], [X, Y]]]"
15,6,9,-17.0 / 94348800,"[[X, [[X, Y], [[X, Y], Y]]], [X, [[[X, Y], Y], [[[[X, Y], Y], Y], Y]]]]"
15,7,8,199.0 / 518918400,"[[[X, [[X, Y], [[X, Y], Y]]], [X, [[[X, Y], Y], Y]]], [X, [[X, Y], Y]]]"
15,7,8,173.0 / 57657600,"[[X, [[X, Y], [[X, Y], Y]]], [[[X, [[[X, Y], Y], Y]], [X, Y]], [X, Y]]]"
15,6,9,1.0 / 1425600,"[[X, [[X, Y], [[X, Y], Y]]], [[X, [[[X, Y], Y], Y]], [[[X, Y], Y], Y]]]"
15,6,9,719.0 / 518918400,"[[X, [[X, Y], [[X, Y], Y]]], [[X, [[[[X, Y], Y], Y], Y]], [[X, Y], Y]]]"
15,6,9,23.0 / 19656000,"[[X, [[X, Y], [[X, Y], Y]]], [[X, [[[[[X, Y], Y], Y], Y], Y]], [X, Y]]]"
15,5,10,731.0 / 7264857600,"[[X, [[X, Y], [[X, Y], Y]]], [X, [[[[[[[X, Y], Y], Y], Y], Y], Y], Y]]]"
15,7,8,-971.0 / 1556755200,"[[[X, [[X, Y], [[X, Y], Y]]], [X, Y]], [X, [[X, Y], [[[X, Y], Y], Y]]]]"
15,7,8,199.0 / 148262400,"[[[X, [[X, Y], [[X, Y], Y]]], [X, Y]], [[X, [[X, Y], Y]], [[X, Y], Y]]]"
15,7,8,103.0 / 31135104,"[[[X, [[X, Y], [[X, Y], Y]]], [X, Y]], [[X, [[[X, Y], Y], Y]], [X, Y]]]"
15,6,9,4283.0 / 5189184000,"[[[X, [[X, Y], [[X, Y], Y]]], [X, Y]], [X, [[[[[X, Y], Y], Y], Y], Y]]]"
15,7,8,1.0 / 1995840,"[[[[X, [[X, Y], [[X, Y], Y]]], [X, Y]], [X, Y]], [X, [[[X, Y], Y], Y]]]"
15,7,8,-401.0 / 518918400,"[[X, [[X, Y], [[X, Y], Y]]], [[X, Y], [[X, Y], [[X, Y], [[X, Y], Y]]]]]"
15,7,8,-47.0 / 8108100,"[[[X, [[X, Y], [[X, Y], Y]]], [[X, Y], [[X, Y], [[X, Y], Y]]]], [X, Y]]"
15,6,9,-1.0 / 915200,"[[X, [[X, Y], [[X, Y], Y]]], [[X, Y], [[X, Y], [[[[X, Y], Y], Y], Y]]]]"
15,7,8,-1.0 / 2702700,"[[[X, [[X, Y], [[X, Y], Y]]], [[X, Y], [[X, Y], Y]]], [X, [[X, Y], Y]]]"
15,7,8,-131.0 / 34594560,"[[[[X, [[X, Y], [[X, Y], Y]]], [[X, Y], [[X, Y], Y]]], [X, Y]], [X, Y]]"
15,6,9,-1.0 / 3628800,"[X, [[[X, Y], [[X, Y], Y]], [[X, Y], [[[X, Y], Y], [[[X, Y], Y], Y]]]]]"
15,6,9,-7837.0 / 518918400,"[X, [[[X, Y], [[X, Y], Y]], [[[X, Y], [[[X, Y], Y], Y]], [[X, Y], Y]]]]"
15,6,9,-1271.0 / 259459200,"[[X, [[[X, Y], [[X, Y], Y]], [[X, Y], [[[[X, Y], Y], Y], Y]]]], [X, Y]]"
15,5,10,-15971.0 / 6227020800,"[X, [[[X, Y], [[X, Y], Y]], [[X, Y], [[[[[[X, Y], Y], Y], Y], Y], Y]]]]"
15,7,8,1.0 / 1081080,"[[X, [[[X, Y], [[X, Y], Y]], [[X, Y], Y]]], [[X, [[X, Y], Y]], [X, Y]]]"
15,6,9,509.0 / 2075673600,"[[X, [[[X, Y], [[X, Y], Y]], [[X, Y], Y]]], [X, [[[[X, Y], Y], Y], Y]]]"
15,7,8,1.0 / 3326400,"[[[X, [[[X, Y], [[X, Y], Y]], [[X, Y], Y]]], [X, Y]], [X, [[X, Y], Y]]]"
15,7,8,-1.0 / 1310400,"[[[[X, [[[X, Y], [[X, Y], Y]], [[X, Y], Y]]], [X, Y]], [X, Y]], [X, Y]]"
15,6,9,-97.0 / 103783680,"[X, [[[[X, Y], [[X, Y], Y]], [[X, Y], Y]], [[X, Y], [[[X, Y], Y], Y]]]]"
15,6,9,101.0 / 38438400,"[X, [[[[[X, Y], [[X, Y], Y]], [[X, Y], Y]], [[X, Y], Y]], [[X, Y], Y]]]"
15,6,9,997.0 / 259459200,"[[X, [[X, Y], [[[X, Y], Y], [[[X, Y], Y], [[[X, Y], Y], Y]]]]], [X, Y]]"
15,5,10,3739.0 / 691891200,"[X, [[X, Y], [[[X, Y], Y], [[[X, Y], Y], [[[[[X, Y], Y], Y], Y], Y]]]]]"
15,6,9,1.0 / 44478720,"[[X, [[X, Y], [[[X, Y], Y], [[[X, Y], Y], Y]]]], [X, [[[X, Y], Y], Y]]]"
15,6,9,-17.0 / 37065600,"[[X, [[X, Y], [[[X, Y], Y], [[[X, Y], Y], Y]]]], [[X, Y], [[X, Y], Y]]]"
15,6,9,7.0 / 4633200,"[[X, [[[X, Y], [[[X, Y], Y], [[[X, Y], Y], Y]]], [[X, Y], Y]]], [X, Y]]"
15,5,10,101.0 / 83026944,"[X, [[X, Y], [[[X, Y], Y], [[[[X, Y], Y], Y], [[[[X, Y], Y], Y], Y]]]]]"
15,6,9,-389.0 / 2075673600,"[[X, [[X, Y], [[[X, Y], Y], [[[[X, Y], Y], Y], Y]]]], [X, [[X, Y], Y]]]"
15,6,9,-23.0 / 11531520,"[[[X, [[X, Y], [[[X, Y], Y], [[[[X, Y], Y], Y], Y]]]], [X, Y]], [X, Y]]"
15,5,10,-817.0 / 103783680,"[X, [[X, Y], [[[[X, Y], Y], [[[[X, Y], Y], Y], Y]], [[[X, Y], Y], Y]]]]"
15,5,10,-887.0 / 230630400,"[X, [[[X, Y], [[[X, Y], Y], [[[[[X, Y], Y], Y], Y], Y]]], [[X, Y], Y]]]"
15,5,10,-2771.0 / 1556755200,"[[X, [[X, Y], [[[X, Y], Y], [[[[[[X, Y], Y], Y], Y], Y], Y]]]], [X, Y]]"
15,4,11,-32399.0 / 58118860800,"[X, [[X, Y], [[[X, Y], Y], [[[[[[[[X, Y], Y], Y], Y], Y], Y], Y], Y]]]]"
15,6,9,-83.0 / 1556755200,"[[X, [[X, Y], [[[X, Y], Y], Y]]], [X, [[X, Y], [[[[X, Y], Y], Y], Y]]]]"
15,7,8,197.0 / 1037836800,"[[[X, [[X, Y], [[[X, Y], Y], Y]]], [X, [[X, Y], Y]]], [X, [[X, Y], Y]]]"
15,7,8,2311.0 / 1556755200,"[[X, [[X, Y], [[[X, Y], Y], Y]]], [[[X, [[X, Y], Y]], [X, Y]], [X, Y]]]"
15,6,9,1.0 / 5765760,"[[X, [[X, Y], [[[X, Y], Y], Y]]], [X, [[[X, Y], Y], [[[X, Y], Y], Y]]]]"
15,6,9,619.0 / 778377600,"[[X, [[X, Y], [[[X, Y], Y], Y]]], [[X, [[[X, Y], Y], Y]], [[X, Y], Y]]]"
15,6,9,157.0 / 222393600,"[[X, [[X, Y], [[[X, Y], Y], Y]]], [[X, [[[[X, Y], Y], Y], Y]], [X, Y]]]"
15,5,10,83.0 / 1037836800,"[[X, [[X, Y], [[[X, Y], Y], Y]]], [X, [[[[[[X, Y], Y], Y], Y], Y], Y]]]"
15,7,8,1.0 / 540540,"[[[X, [[X, Y], [[[X, Y], Y], Y]]], [X, Y]], [[X, [[X, Y], Y]], [X, Y]]]"
15,6,9,509.0 / 1037836800,"[[[X, [[X, Y], [[[X, Y], Y], Y]]], [X, Y]], [X, [[[[X, Y], Y], Y], Y]]]"
15,7,8,1.0 / 3326400,"[[[[X, [[X, Y], [[[X, Y], Y], Y]]], [X, Y]], [X, Y]], [X, [[X, Y], Y]]]"
15,7,8,-1.0 / 2620800,"[[[[[X, [[X, Y], [[[X, Y], Y], Y]]], [X, Y]], [X, Y]], [X, Y]], [X, Y]]"
15,6,9,-1.0 / 2358720,"[[X, [[X, Y], [[[X, Y], Y], Y]]], [[X, Y], [[X, Y], [[[X, Y], Y], Y]]]]"
15,6,9,59.0 / 259459200,"[[X, [[X, Y], [[[X, Y], Y], Y]]], [[[X, Y], [[X, Y], Y]], [[X, Y], Y]]]"
15,6,9,59.0 / 259459200,"[[[X, [[X, Y], [[[X, Y], Y], Y]]], [[X, Y], [[[X, Y], Y], Y]]], [X, Y]]"
15,5,10,-29.0 / 15966720,"[X, [[[X, Y], [[[X, Y], Y], Y]], [[X, Y], [[[[[X, Y], Y], Y], Y], Y]]]]"
15,6,9,17.0 / 24324300,"[[X, [[[X, Y], [[[X, Y], Y], Y]], [[X, Y], Y]]], [X, [[[X, Y], Y], Y]]]"
15,6,9,41.0 / 23587200,"[[X, [[[X, Y], [[[X, Y], Y], Y]], [[X, Y], Y]]], [[X, Y], [[X, Y], Y]]]"
15,6,9,5221.0 / 518918400,"[[X, [[[[X, Y], [[[X, Y], Y], Y]], [[X, Y], Y]], [[X, Y], Y]]], [X, Y]]"
15,5,10,-547.0 / 1245404160,"[X, [[[X, Y], [[[X, Y], Y], Y]], [[[X, Y], Y], [[[[X, Y], Y], Y], Y]]]]"
15,6,9,131.0 / 222393600,"[[X, [[[X, Y], [[[X, Y], Y], Y]], [[[X, Y], Y], Y]]], [X, [[X, Y], Y]]]"
15,6,9,19.0 / 7484400,"[[[X, [[[X, Y], [[[X, Y], Y], Y]], [[[X, Y], Y], Y]]], [X, Y]], [X, Y]]"
15,5,10,137.0 / 62270208,"[X, [[[[X, Y], [[[X, Y], Y], Y]], [[[X, Y], Y], Y]], [[[X, Y], Y], Y]]]"
15,5,10,1513.0 / 1245404160,"[X, [[[X, Y], [[[[X, Y], Y], Y], [[[[X, Y], Y], Y], Y]]], [[X, Y], Y]]]"
15,5,10,-53.0 / 39916800,"[[X, [[X, Y], [[[[X, Y], Y], Y], [[[[[X, Y], Y], Y], Y], Y]]]], [X, Y]]"
15,4,11,-6719.0 / 7264857600,"[X, [[X, Y], [[[[X, Y], Y], Y], [[[[[[[X, Y], Y], Y], Y], Y], Y], Y]]]]"
15,6,9,337.0 / 1037836800,"[[X, [[X, Y], [[[[X, Y], Y], Y], Y]]], [[X, [[X, Y], Y]], [[X, Y], Y]]]"
15,6,9,29.0 / 48648600,"[[X, [[X, Y], [[[[X, Y], Y], Y], Y]]], [[X, [[[X, Y], Y], Y]], [X, Y]]]"
15,5,10,137.0 / 2075673600,"[[X, [[X, Y], [[[[X, Y], Y], Y], Y]]], [X, [[[[[X, Y], Y], Y], Y], Y]]]"
15,6,9,157.0 / 283046400,"[[[X, [[X, Y], [[[[X, Y], Y], Y], Y]]], [X, Y]], [X, [[[X, Y], Y], Y]]]"
15,6,9,137.0 / 518918400,"[[X, [[X, Y], [[[[X, Y], Y], Y], Y]]], [[X, Y], [[X, Y], [[X, Y], Y]]]]"
15,6,9,37.0 / 23587200,"[[[X, [[X, Y], [[[[X, Y], Y], Y], Y]]], [[X, Y], [[X, Y], Y]]], [X, Y]]"
15,5,10,289.0 / 2490808320,"[[X, [[X, Y], [[[[X, Y], Y], Y], Y]]], [[X, Y], [[[[X, Y], Y], Y], Y]]]"
15,6,9,1303.0 / 1037836800,"[[X, [[[X, Y], [[[[X, Y], Y], Y], Y]], [[X, Y], Y]]], [X, [[X, Y], Y]]]"
15,6,9,71.0 / 12355200,"[[[X, [[[X, Y], [[[[X, Y], Y], Y], Y]], [[X, Y], Y]]], [X, Y]], [X, Y]]"
15,5,10,1559.0 / 415134720,"[X, [[[X, Y], [[[[X, Y], Y], Y], Y]], [[[X, Y], Y], [[[X, Y], Y], Y]]]]"
15,5,10,7769.0 / 622702080,"[X, [[[[X, Y], [[[[X, Y], Y], Y], Y]], [[[X, Y], Y], Y]], [[X, Y], Y]]]"
15,5,10,89.0 / 56609280,"[[X, [[[X, Y], [[[[X, Y], Y], Y], Y]], [[[[X, Y], Y], Y], Y]]], [X, Y]]"
15,4,11,-2773.0 / 4151347200,"[X, [[X, Y], [[[[[X, Y], Y], Y], Y], [[[[[[X, Y], Y], Y], Y], Y], Y]]]]"
15,6,9,1907.0 / 2594592000,"[[X, [[X, Y], [[[[[X, Y], Y], Y], Y], Y]]], [[X, [[X, Y], Y]], [X, Y]]]"
15,5,10,31.0 / 691891200,"[[X, [[X, Y], [[[[[X, Y], Y], Y], Y], Y]]], [X, [[[[X, Y], Y], Y], Y]]]"
15,6,9,1511.0 / 1729728000,"[[[X, [[X, Y], [[[[[X, Y], Y], Y], Y], Y]]], [X, Y]], [X, [[X, Y], Y]]]"
15,6,9,331.0 / 259459200,"[[[[X, [[X, Y], [[[[[X, Y], Y], Y], Y], Y]]], [X, Y]], [X, Y]], [X, Y]]"
15,5,10,53.0 / 172972800,"[[X, [[X, Y], [[[[[X, Y], Y], Y], Y], Y]]], [[X, Y], [[[X, Y], Y], Y]]]"
15,5,10,12293.0 / 2075673600,"[X, [[[[X, Y], [[[[[X, Y], Y], Y], Y], Y]], [[X, Y], Y]], [[X, Y], Y]]]"
15,5,10,851.0 / 259459200,"[[X, [[[X, Y], [[[[[X, Y], Y], Y], Y], Y]], [[[X, Y], Y], Y]]], [X, Y]]"
15,4,11,4187.0 / 10378368000,"[X, [[[X, Y], [[[[[X, Y], Y], Y], Y], Y]], [[[[[X, Y], Y], Y], Y], Y]]]"
15,5,10,31.0 / 283046400,"[[X, [[X, Y], [[[[[[X, Y], Y], Y], Y], Y], Y]]], [X, [[[X, Y], Y], Y]]]"
15,5,10,1459.0 / 3113510400,"[[X, [[X, Y], [[[[[[X, Y], Y], Y], Y], Y], Y]]], [[X, Y], [[X, Y], Y]]]"
15,5,10,659.0 / 222393600,"[[X, [[[X, Y], [[[[[[X, Y], Y], Y], Y], Y], Y]], [[X, Y], Y]]], [X, Y]]"
15,4,11,5101.0 / 6227020800,"[X, [[[X, Y], [[[[[[X, Y], Y], Y], Y], Y], Y]], [[[[X, Y], Y], Y], Y]]]"
15,5,10,23.0 / 220147200,"[[X, [[X, Y], [[[[[[[X, Y], Y], Y], Y], Y], Y], Y]]], [X, [[X, Y], Y]]]"
15,5,10,43.0 / 75675600,"[[[X, [[X, Y], [[[[[[[X, Y], Y], Y], Y], Y], Y], Y]]], [X, Y]], [X, Y]]"
15,4,11,8423.0 / 10897286400,"[X, [[[X, Y], [[[[[[[X, Y], Y], Y], Y], Y], Y], Y]], [[[X, Y], Y], Y]]]"
15,4,11,1207.0 / 2235340800,"[X, [[[X, Y], [[[[[[[[X, Y], Y], Y], Y], Y], Y], Y], Y]], [[X, Y], Y]]]"
15,4,11,311.0 / 3228825600,"[[X, [[X, Y], [[[[[[[[[X, Y], Y], Y], Y], Y], Y], Y], Y], Y]]], [X, Y]]"
15,3,12,12049.0 / 1307674368000,"[X, [[X, Y], [[[[[[[[[[[X, Y], Y], Y], Y], Y], Y], Y], Y], Y], Y], Y]]]"
15,7,8,-29.0 / 62899200,"[[X, [[X, Y], Y]], [[X, [[X, Y], Y]], [[X, [[X, Y], Y]], [[X, Y], Y]]]]"
15,7,8,-577.0 / 518918400,"[[X, [[X, Y], Y]], [[X, [[X, Y], Y]], [[X, [[[X, Y], Y], Y]], [X, Y]]]]"
15,6,9,-257.0 / 943488000,"[[X, [[X, Y], Y]], [[X, [[X, Y], Y]], [X, [[[[[X, Y], Y], Y], Y], Y]]]]"
15,7,8,-43.0 / 129729600,"[[X, [[X, Y], Y]], [[[X, [[X, Y], Y]], [X, Y]], [X, [[[X, Y], Y], Y]]]]"
15,7,8,43.0 / 21621600,"[[X, [[X, Y], Y]], [[X, [[X, Y], Y]], [[X, Y], [[X, Y], [[X, Y], Y]]]]]"
15,7,8,1.0 / 190080,"[[X, [[X, Y], Y]], [[[X, [[X, Y], Y]], [[X, Y], [[X, Y], Y]]], [X, Y]]]"
15,6,9,-43.0 / 86486400,"[[X, [[X, Y], Y]], [[X, [[X, Y], Y]], [[X, Y], [[[[X, Y], Y], Y], Y]]]]"
15,7,8,83.0 / 14414400,"[[X, [[X, Y], Y]], [[[[X, [[X, Y], Y]], [[X, Y], Y]], [X, Y]], [X, Y]]]"
15,6,9,1.0 / 1209600,"[[X, [[X, Y], Y]], [X, [[[X, Y], Y], [[[X, Y], Y], [[[X, Y], Y], Y]]]]]"
15,6,9,43.0 / 32432400,"[[X, [[X, Y], Y]], [[X, [[[X, Y], Y], [[[X, Y], Y], Y]]], [[X, Y], Y]]]"
15,6,9,-773.0 / 2075673600,"[[X, [[X, Y], Y]], [[X, [[[X, Y], Y], [[[[X, Y], Y], Y], Y]]], [X, Y]]]"
15,5,10,-697.0 / 3113510400,"[[X, [[X, Y], Y]], [X, [[[X, Y], Y], [[[[[[X, Y], Y], Y], Y], Y], Y]]]]"
15,7,8,1.0 / 1441440,"[[[X, [[X, Y], Y]], [X, [[[X, Y], Y], Y]]], [[X, [[X, Y], Y]], [X, Y]]]"
15,6,9,-17.0 / 194594400,"[[X, [[X, Y], Y]], [[X, [[[X, Y], Y], Y]], [X, [[[[X, Y], Y], Y], Y]]]]"
15,7,8,73.0 / 18532800,"[[X, [[X, Y], Y]], [[[[X, [[[X, Y], Y], Y]], [X, Y]], [X, Y]], [X, Y]]]"
15,6,9,323.0 / 518918400,"[[X, [[X, Y], Y]], [[X, [[[X, Y], Y], Y]], [[X, Y], [[[X, Y], Y], Y]]]]"
15,6,9,3193.0 / 1037836800,"[[X, [[X, Y], Y]], [[[X, [[[X, Y], Y], Y]], [[X, Y], Y]], [[X, Y], Y]]]"
15,6,9,41.0 / 14826240,"[[X, [[X, Y], Y]], [[[X, [[[X, Y], Y], Y]], [[[X, Y], Y], Y]], [X, Y]]]"
15,5,10,-11.0 / 94348800,"[[X, [[X, Y], Y]], [X, [[[[X, Y], Y], Y], [[[[[X, Y], Y], Y], Y], Y]]]]"
15,6,9,1081.0 / 6227020800,"[[[X, [[X, Y], Y]], [X, [[[[X, Y], Y], Y], Y]]], [X, [[[X, Y], Y], Y]]]"
15,6,9,151.0 / 86486400,"[[X, [[X, Y], Y]], [[X, [[[[X, Y], Y], Y], Y]], [[X, Y], [[X, Y], Y]]]]"
15,6,9,5623.0 / 1037836800,"[[X, [[X, Y], Y]], [[[X, [[[[X, Y], Y], Y], Y]], [[X, Y], Y]], [X, Y]]]"
15,5,10,1.0 / 2737152,"[[X, [[X, Y], Y]], [[X, [[[[X, Y], Y], Y], Y]], [[[[X, Y], Y], Y], Y]]]"
15,6,9,1273.0 / 576576000,"[[X, [[X, Y], Y]], [[[X, [[[[[X, Y], Y], Y], Y], Y]], [X, Y]], [X, Y]]]"
15,5,10,5.0 / 6918912,"[[X, [[X, Y], Y]], [[X, [[[[[X, Y], Y], Y], Y], Y]], [[[X, Y], Y], Y]]]"
15,5,10,1891.0 / 3113510400,"[[X, [[X, Y], Y]], [[X, [[[[[[X, Y], Y], Y], Y], Y], Y]], [[X, Y], Y]]]"
15,5,10,107.0 / 290594304,"[[X, [[X, Y], Y]], [[X, [[[[[[[X, Y], Y], Y], Y], Y], Y], Y]], [X, Y]]]"
15,4,11,1759.0 / 104613949440,"[[X, [[X, Y], Y]], [X, [[[[[[[[[X, Y], Y], Y], Y], Y], Y], Y], Y], Y]]]"
15,7,8,7.0 / 4118400,"[[[X, [[X, Y], Y]], [X, Y]], [[X, [[X, Y], Y]], [[X, Y], [[X, Y], Y]]]]"
15,7,8,79.0 / 14414400,"[[[X, [[X, Y], Y]], [X, Y]], [[[X, [[X, Y], Y]], [[X, Y], Y]], [X, Y]]]"
15,6,9,-179.0 / 345945600,"[[[X, [[X, Y], Y]], [X, Y]], [X, [[[X, Y], Y], [[[[X, Y], Y], Y], Y]]]]"
15,7,8,277.0 / 43243200,"[[[X, [[X, Y], Y]], [X, Y]], [[[X, [[[X, Y], Y], Y]], [X, Y]], [X, Y]]]"
15,6,9,17.0 / 10108800,"[[[X, [[X, Y], Y]], [X, Y]], [[X, [[[X, Y], Y], Y]], [[[X, Y], Y], Y]]]"
15,6,9,17.0 / 4942080,"[[[X, [[X, Y], Y]], [X, Y]], [[X, [[[[X, Y], Y], Y], Y]], [[X, Y], Y]]]"
15,6,9,1949.0 / 648648000,"[[[X, [[X, Y], Y]], [X, Y]], [[X, [[[[[X, Y], Y], Y], Y], Y]], [X, Y]]]"
15,5,10,193.0 / 726485760,"[[[X, [[X, Y], Y]], [X, Y]], [X, [[[[[[[X, Y], Y], Y], Y], Y], Y], Y]]]"
15,7,8,509.0 / 1037836800,"[[[[X, [[X, Y], Y]], [X, Y]], [X, Y]], [[X, [[X, Y], Y]], [[X, Y], Y]]]"
15,7,8,1919.0 / 778377600,"[[[[X, [[X, Y], Y]], [X, Y]], [X, Y]], [[X, [[[X, Y], Y], Y]], [X, Y]]]"
15,6,9,683.0 / 648648000,"[[[[X, [[X, Y], Y]], [X, Y]], [X, Y]], [X, [[[[[X, Y], Y], Y], Y], Y]]]"
15,7,8,-19.0 / 43243200,"[[[[[X, [[X, Y], Y]], [X, Y]], [X, Y]], [X, Y]], [X, [[[X, Y], Y], Y]]]"
15,7,8,-23.0 / 25945920,"[[X, [[X, Y], Y]], [[X, Y], [[X, Y], [[X, Y], [[X, Y], [[X, Y], Y]]]]]]"
15,7,8,-29.0 / 8108100,"[[[X, [[X, Y], Y]], [[X, Y], [[X, Y], [[X, Y], [[X, Y], Y]]]]], [X, Y]]"
15,6,9,1.0 / 1747200,"[[X, [[X, Y], Y]], [[X, Y], [[X, Y], [[X, Y], [[[[X, Y], Y], Y], Y]]]]]"
15,7,8,-1453.0 / 129729600,"[[[[X, [[X, Y], Y]], [[X, Y], [[X, Y], [[X, Y], Y]]]], [X, Y]], [X, Y]]"
15,6,9,-67.0 / 86486400,"[[X, [[X, Y], Y]], [[X, Y], [[X, Y], [[[X, Y], Y], [[[X, Y], Y], Y]]]]]"
15,6,9,-43.0 / 9609600,"[[X, [[X, Y], Y]], [[X, Y], [[[X, Y], [[[X, Y], Y], Y]], [[X, Y], Y]]]]"
15,6,9,-529.0 / 172972800,"[[[X, [[X, Y], Y]], [[X, Y], [[X, Y], [[[[X, Y], Y], Y], Y]]]], [X, Y]]"
15,5,10,-809.0 / 1556755200,"[[X, [[X, Y], Y]], [[X, Y], [[X, Y], [[[[[[X, Y], Y], Y], Y], Y], Y]]]]"
15,6,9,59.0 / 115315200,"[[[X, [[X, Y], Y]], [[X, Y], [[X, Y], Y]]], [X, [[[[X, Y], Y], Y], Y]]]"
15,7,8,-1.0 / 90090,"[[[[[X, [[X, Y], Y]], [[X, Y], [[X, Y], Y]]], [X, Y]], [X, Y]], [X, Y]]"
15,6,9,-1279.0 / 518918400,"[[X, [[X, Y], Y]], [[[X, Y], [[X, Y], Y]], [[X, Y], [[[X, Y], Y], Y]]]]"
15,6,9,1.0 / 1257984,"[[X, [[X, Y], Y]], [[[[X, Y], [[X, Y], Y]], [[X, Y], Y]], [[X, Y], Y]]]"
15,6,9,-73.0 / 37065600,"[[[X, [[X, Y], Y]], [[X, Y], [[[X, Y], Y], [[[X, Y], Y], Y]]]], [X, Y]]"
15,5,10,-293.0 / 345945600,"[[X, [[X, Y], Y]], [[X, Y], [[[X, Y], Y], [[[[[X, Y], Y], Y], Y], Y]]]]"
15,6,9,67.0 / 389188800,"[[[X, [[X, Y], Y]], [[X, Y], [[[X, Y], Y], Y]]], [X, [[[X, Y], Y], Y]]]"
15,6,9,-691.0 / 518918400,"[[[X, [[X, Y], Y]], [[X, Y], [[[X, Y], Y], Y]]], [[X, Y], [[X, Y], Y]]]"
15,6,9,179.0 / 64864800,"[[[X, [[X, Y], Y]], [[[X, Y], [[[X, Y], Y], Y]], [[X, Y], Y]]], [X, Y]]"
15,5,10,5.0 / 62270208,"[[X, [[X, Y], Y]], [[X, Y], [[[[X, Y], Y], Y], [[[[X, Y], Y], Y], Y]]]]"
15,6,9,139.0 / 94348800,"[[[[X, [[X, Y], Y]], [[X, Y], [[[[X, Y], Y], Y], Y]]], [X, Y]], [X, Y]]"
15,5,10,271.0 / 124540416,"[[X, [[X, Y], Y]], [[[X, Y], [[[[X, Y], Y], Y], Y]], [[[X, Y], Y], Y]]]"
15,5,10,2333.0 / 1037836800,"[[X, [[X, Y], Y]], [[[X, Y], [[[[[X, Y], Y], Y], Y], Y]], [[X, Y], Y]]]"
15,5,10,379.0 / 311351040,"[[[X, [[X, Y], Y]], [[X, Y], [[[[[[X, Y], Y], Y], Y], Y], Y]]], [X, Y]]"
15,4,11,601.0 / 5283532800,"[[X, [[X, Y], Y]], [[X, Y], [[[[[[[[X, Y], Y], Y], Y], Y], Y], Y], Y]]]"
15,6,9,-1.0 / 13305600,"[[[X, [[X, Y], Y]], [[X, Y], Y]], [X, [[[X, Y], Y], [[[X, Y], Y], Y]]]]"
15,6,9,401.0 / 518918400,"[[[X, [[X, Y], Y]], [[X, Y], Y]], [[X, [[[X, Y], Y], Y]], [[X, Y], Y]]]"
15,6,9,1061.0 / 1037836800,"[[[X, [[X, Y], Y]], [[X, Y], Y]], [[X, [[[[X, Y], Y], Y], Y]], [X, Y]]]"
15,5,10,47.0 / 283046400,"[[[X, [[X, Y], Y]], [[X, Y], Y]], [X, [[[[[[X, Y], Y], Y], Y], Y], Y]]]"
15,6,9,149.0 / 296524800,"[[[[X, [[X, Y], Y]], [[X, Y], Y]], [X, Y]], [X, [[[[X, Y], Y], Y], Y]]]"
15,7,8,-43.0 / 8236800,"[[[[[[X, [[X, Y], Y]], [[X, Y], Y]], [X, Y]], [X, Y]], [X, Y]], [X, Y]]"
15,6,9,-67.0 / 37065600,"[[[X, [[X, Y], Y]], [[X, Y], Y]], [[X, Y], [[X, Y], [[[X, Y], Y], Y]]]]"
15,6,9,-1.0 / 628992,"[[[X, [[X, Y], Y]], [[X, Y], Y]], [[[X, Y], [[X, Y], Y]], [[X, Y], Y]]]"
15,6,9,-1.0 / 314496,"[[[[X, [[X, Y], Y]], [[X, Y], Y]], [[X, Y], [[[X, Y], Y], Y]]], [X, Y]]"
15,5,10,1.0 / 1995840,"[[[X, [[X, Y], Y]], [[X, Y], Y]], [[X, Y], [[[[[X, Y], Y], Y], Y], Y]]]"
15,6,9,-1.0 / 2948400,"[[[[X, [[X, Y], Y]], [[X, Y], Y]], [[X, Y], Y]], [X, [[[X, Y], Y], Y]]]"
15,6,9,-31.0 / 9884160,"[[[[X, [[X, Y], Y]], [[X, Y], Y]], [[X, Y], Y]], [[X, Y], [[X, Y], Y]]]"
15,6,9,-101.0 / 38438400,"[[[[[X, [[X, Y], Y]], [[X, Y], Y]], [[X, Y], Y]], [[X, Y], Y]], [X, Y]]"
15,5,10,3761.0 / 830269440,"[X, [[[X, Y], Y], [[[X, Y], Y], [[[X, Y], Y], [[[[X, Y], Y], Y], Y]]]]]"
15,6,9,-2339.0 / 518918400,"[[[X, [[[X, Y], Y], [[[X, Y], Y], [[[X, Y], Y], Y]]]], [X, Y]], [X, Y]]"
15,5,10,-313.0 / 69189120,"[X, [[[X, Y], Y], [[[[X, Y], Y], [[[X, Y], Y], Y]], [[[X, Y], Y], Y]]]]"
15,5,10,-1.0 / 570240,"[[X, [[[X, Y], Y], [[[X, Y], Y], [[[[X, Y], Y], Y], Y]]]], [[X, Y], Y]]"
15,5,10,-83.0 / 26611200,"[[X, [[[X, Y], Y], [[[X, Y], Y], [[[[[X, Y], Y], Y], Y], Y]]]], [X, Y]]"
15,4,11,-5699.0 / 4843238400,"[X, [[[X, Y], Y], [[[X, Y], Y], [[[[[[[X, Y], Y], Y], Y], Y], Y], Y]]]]"
15,6,9,1.0 / 3088800,"[[X, [[[X, Y], Y], [[[X, Y], Y], Y]]], [[X, [[[X, Y], Y], Y]], [X, Y]]]"
15,5,10,1.0 / 8236800,"[[X, [[[X, Y], Y], [[[X, Y], Y], Y]]], [X, [[[[[X, Y], Y], Y], Y], Y]]]"
15,6,9,-67.0 / 518918400,"[[[X, [[[X, Y], Y], [[[X, Y], Y], Y]]], [X, Y]], [X, [[[X, Y], Y], Y]]]"
15,6,9,-331.0 / 259459200,"[[X, [[[X, Y], Y], [[[X, Y], Y], Y]]], [[X, Y], [[X, Y], [[X, Y], Y]]]]"
15,6,9,-19.0 / 5189184,"[[[X, [[[X, Y], Y], [[[X, Y], Y], Y]]], [[X, Y], [[X, Y], Y]]], [X, Y]]"
15,5,10,1.0 / 5765760,"[[X, [[[X, Y], Y], [[[X, Y], Y], Y]]], [[X, Y], [[[[X, Y], Y], Y], Y]]]"
15,6,9,-3599.0 / 518918400,"[[[[X, [[[X, Y], Y], [[[X, Y], Y], Y]]], [[X, Y], Y]], [X, Y]], [X, Y]]"
15,5,10,-83.0 / 207567360,"[[X, [[[X, Y], Y], [[[X, Y], Y], Y]]], [[[X, Y], Y], [[[X, Y], Y], Y]]]"
15,5,10,1.0 / 4942080,"[[X, [[[[X, Y], Y], [[[X, Y], Y], Y]], [[[X, Y], Y], Y]]], [[X, Y], Y]]"
15,5,10,-7.0 / 7413120,"[[X, [[[X, Y], Y], [[[[X, Y], Y], Y], [[[[X, Y], Y], Y], Y]]]], [X, Y]]"
15,4,11,-727.0 / 479001600,"[X, [[[X, Y], Y], [[[[X, Y], Y], Y], [[[[[[X, Y], Y], Y], Y], Y], Y]]]]"
15,5,10,19.0 / 311351040,"[[X, [[[X, Y], Y], [[[[X, Y], Y], Y], Y]]], [X, [[[[X, Y], Y], Y], Y]]]"
15,6,9,47.0 / 103783680,"[[[[X, [[[X, Y], Y], [[[[X, Y], Y], Y], Y]]], [X, Y]], [X, Y]], [X, Y]]"
15,5,10,53.0 / 311351040,"[[X, [[[X, Y], Y], [[[[X, Y], Y], Y], Y]]], [[X, Y], [[[X, Y], Y], Y]]]"
15,5,10,-5.0 / 27675648,"[[[X, [[[X, Y], Y], [[[[X, Y], Y], Y], Y]]], [[X, Y], Y]], [[X, Y], Y]]"
15,5,10,773.0 / 207567360,"[[X, [[[[X, Y], Y], [[[[X, Y], Y], Y], Y]], [[[X, Y], Y], Y]]], [X, Y]]"
15,4,11,-1249.0 / 4151347200,"[X, [[[X, Y], Y], [[[[[X, Y], Y], Y], Y], [[[[[X, Y], Y], Y], Y], Y]]]]"
15,5,10,29.0 / 172972800,"[[X, [[[X, Y], Y], [[[[[X, Y], Y], Y], Y], Y]]], [X, [[[X, Y], Y], Y]]]"
15,5,10,37.0 / 57657600,"[[X, [[[X, Y], Y], [[[[[X, Y], Y], Y], Y], Y]]], [[X, Y], [[X, Y], Y]]]"
15,5,10,1.0 / 640640,"[[[X, [[[X, Y], Y], [[[[[X, Y], Y], Y], Y], Y]]], [[X, Y], Y]], [X, Y]]"
15,4,11,1.0 / 591360,"[X, [[[[X, Y], Y], [[[[[X, Y], Y], Y], Y], Y]], [[[[X, Y], Y], Y], Y]]]"
15,5,10,107.0 / 88957440,"[[[X, [[[X, Y], Y], [[[[[[X, Y], Y], Y], Y], Y], Y]]], [X, Y]], [X, Y]]"
15,4,11,133.0 / 74131200,"[X, [[[[X, Y], Y], [[[[[[X, Y], Y], Y], Y], Y], Y]], [[[X, Y], Y], Y]]]"
15,4,11,1.0 / 3261440,"[[X, [[[X, Y], Y], [[[[[[[X, Y], Y], Y], Y], Y], Y], Y]]], [[X, Y], Y]]"
15,4,11,17531.0 / 58118860800,"[[X, [[[X, Y], Y], [[[[[[[[X, Y], Y], Y], Y], Y], Y], Y], Y]]], [X, Y]]"
15,3,12,8173.0 / 237758976000,"[X, [[[X, Y], Y], [[[[[[[[[[X, Y], Y], Y], Y], Y], Y], Y], Y], Y], Y]]]"
15,6,9,859.0 / 1556755200,"[[X, [[[X, Y], Y], Y]], [[X, [[[X, Y], Y], Y]], [[X, Y], [[X, Y], Y]]]]"
15,6,9,859.0 / 389188800,"[[X, [[[X, Y], Y], Y]], [[[X, [[[X, Y], Y], Y]], [[X, Y], Y]], [X, Y]]]"
15,5,10,1.0 / 29652480,"[[X, [[[X, Y], Y], Y]], [X, [[[[X, Y], Y], Y], [[[[X, Y], Y], Y], Y]]]]"
15,6,9,947.0 / 778377600,"[[X, [[[X, Y], Y], Y]], [[[X, [[[[X, Y], Y], Y], Y]], [X, Y]], [X, Y]]]"
15,5,10,23.0 / 47900160,"[[X, [[[X, Y], Y], Y]], [[X, [[[[X, Y], Y], Y], Y]], [[[X, Y], Y], Y]]]"
15,5,10,97.0 / 207567360,"[[X, [[[X, Y], Y], Y]], [[X, [[[[[X, Y], Y], Y], Y], Y]], [[X, Y], Y]]]"
15,5,10,1.0 / 2882880,"[[X, [[[X, Y], Y], Y]], [[X, [[[[[[X, Y], Y], Y], Y], Y], Y]], [X, Y]]]"
15,4,11,3889.0 / 174356582400,"[[X, [[[X, Y], Y], Y]], [X, [[[[[[[[X, Y], Y], Y], Y], Y], Y], Y], Y]]]"
15,6,9,73.0 / 97297200,"[[[X, [[[X, Y], Y], Y]], [X, Y]], [[X, [[[X, Y], Y], Y]], [[X, Y], Y]]]"
15,6,9,521.0 / 389188800,"[[[X, [[[X, Y], Y], Y]], [X, Y]], [[X, [[[[X, Y], Y], Y], Y]], [X, Y]]]"
15,5,10,157.0 / 622702080,"[[[X, [[[X, Y], Y], Y]], [X, Y]], [X, [[[[[[X, Y], Y], Y], Y], Y], Y]]]"
15,6,9,89.0 / 345945600,"[[[[X, [[[X, Y], Y], Y]], [X, Y]], [X, Y]], [X, [[[[X, Y], Y], Y], Y]]]"
15,7,8,-29.0 / 14414400,"[[[[[[X, [[[X, Y], Y], Y]], [X, Y]], [X, Y]], [X, Y]], [X, Y]], [X, Y]]"
15,6,9,-1.0 / 6486480,"[[X, [[[X, Y], Y], Y]], [[X, Y], [[X, Y], [[X, Y], [[[X, Y], Y], Y]]]]]"
15,6,9,-197.0 / 129729600,"[[X, [[[X, Y], Y], Y]], [[X, Y], [[[X, Y], [[X, Y], Y]], [[X, Y], Y]]]]"
15,6,9,-23.0 / 7207200,"[[[X, [[[X, Y], Y], Y]], [[X, Y], [[X, Y], [[[X, Y], Y], Y]]]], [X, Y]]"
15,5,10,-109.0 / 259459200,"[[X, [[[X, Y], Y], Y]], [[X, Y], [[X, Y], [[[[[X, Y], Y], Y], Y], Y]]]]"
15,6,9,-1349.0 / 518918400,"[[[X, [[[X, Y], Y], Y]], [[X, Y], [[X, Y], Y]]], [[X, Y], [[X, Y], Y]]]"
15,6,9,-17.0 / 4989600,"[[[X, [[[X, Y], Y], Y]], [[[X, Y], [[X, Y], Y]], [[X, Y], Y]]], [X, Y]]"
15,5,10,-313.0 / 622702080,"[[X, [[[X, Y], Y], Y]], [[X, Y], [[[X, Y], Y], [[[[X, Y], Y], Y], Y]]]]"
15,6,9,-17.0 / 4989600,"[[[[X, [[[X, Y], Y], Y]], [[X, Y], [[[X, Y], Y], Y]]], [X, Y]], [X, Y]]"
15,5,10,1.0 / 2882880,"[[X, [[[X, Y], Y], Y]], [[[X, Y], [[[X, Y], Y], Y]], [[[X, Y], Y], Y]]]"
15,5,10,37.0 / 38918880,"[[X, [[[X, Y], Y], Y]], [[[X, Y], [[[[X, Y], Y], Y], Y]], [[X, Y], Y]]]"
15,5,10,361.0 / 518918400,"[[[X, [[[X, Y], Y], Y]], [[X, Y], [[[[[X, Y], Y], Y], Y], Y]]], [X, Y]]"
15,4,11,2641.0 / 21794572800,"[[X, [[[X, Y], Y], Y]], [[X, Y], [[[[[[[X, Y], Y], Y], Y], Y], Y], Y]]]"
15,5,10,73.0 / 345945600,"[[[X, [[[X, Y], Y], Y]], [[X, Y], Y]], [X, [[[[[X, Y], Y], Y], Y], Y]]]"
15,6,9,-1361.0 / 259459200,"[[[X, [[[X, Y], Y], Y]], [[X, Y], Y]], [[X, Y], [[X, Y], [[X, Y], Y]]]]"
15,6,9,-349.0 / 19958400,"[[[[X, [[[X, Y], Y], Y]], [[X, Y], Y]], [[X, Y], [[X, Y], Y]]], [X, Y]]"
15,5,10,-83.0 / 622702080,"[[[X, [[[X, Y], Y], Y]], [[X, Y], Y]], [[X, Y], [[[[X, Y], Y], Y], Y]]]"
15,6,9,-613.0 / 43243200,"[[[[[X, [[[X, Y], Y], Y]], [[X, Y], Y]], [[X, Y], Y]], [X, Y]], [X, Y]]"
15,5,10,-1.0 / 665280,"[[X, [[[X, Y], Y], Y]], [[[X, Y], Y], [[[X, Y], Y], [[[X, Y], Y], Y]]]]"
15,5,10,-49.0 / 14826240,"[[[X, [[[X, Y], Y], Y]], [[[X, Y], Y], [[[X, Y], Y], Y]]], [[X, Y], Y]]"
15,5,10,-331.0 / 622702080,"[[[X, [[[X, Y], Y], Y]], [[[X, Y], Y], [[[[X, Y], Y], Y], Y]]], [X, Y]]"
15,4,11,1.0 / 4193280,"[[X, [[[X, Y], Y], Y]], [[[X, Y], Y], [[[[[[X, Y], Y], Y], Y], Y], Y]]]"
15,5,10,-17.0 / 622702080,"[[[X, [[[X, Y], Y], Y]], [[[X, Y], Y], Y]], [X, [[[[X, Y], Y], Y], Y]]]"
15,6,9,-809.0 / 194594400,"[[[[[X, [[[X, Y], Y], Y]], [[[X, Y], Y], Y]], [X, Y]], [X, Y]], [X, Y]]"
15,5,10,-131.0 / 155675520,"[[[X, [[[X, Y], Y], Y]], [[[X, Y], Y], Y]], [[X, Y], [[[X, Y], Y], Y]]]"
15,5,10,-61.0 / 22239360,"[[[[X, [[[X, Y], Y], Y]], [[[X, Y], Y], Y]], [[X, Y], Y]], [[X, Y], Y]]"
15,5,10,-241.0 / 155675520,"[[[[X, [[[X, Y], Y], Y]], [[[X, Y], Y], Y]], [[[X, Y], Y], Y]], [X, Y]]"
15,4,11,-4621.0 / 3113510400,"[X, [[[[X, Y], Y], Y], [[[[X, Y], Y], Y], [[[[[X, Y], Y], Y], Y], Y]]]]"
15,5,10,-263.0 / 622702080,"[[X, [[[[X, Y], Y], Y], [[[[X, Y], Y], Y], Y]]], [[X, Y], [[X, Y], Y]]]"
15,5,10,-463.0 / 311351040,"[[[X, [[[[X, Y], Y], Y], [[[[X, Y], Y], Y], Y]]], [[X, Y], Y]], [X, Y]]"
15,4,11,1457.0 / 2490808320,"[X, [[[[[X, Y], Y], Y], [[[[X, Y], Y], Y], Y]], [[[[X, Y], Y], Y], Y]]]"
15,5,10,191.0 / 259459200,"[[[X, [[[[X, Y], Y], Y], [[[[[X, Y], Y], Y], Y], Y]]], [X, Y]], [X, Y]]"
15,4,11,233.0 / 3113510400,"[[X, [[[[X, Y], Y], Y], [[[[[X, Y], Y], Y], Y], Y]]], [[[X, Y], Y], Y]]"
15,4,11,149.0 / 415134720,"[[X, [[[[X, Y], Y], Y], [[[[[[X, Y], Y], Y], Y], Y], Y]]], [[X, Y], Y]]"
15,4,11,10807.0 / 21794572800,"[[X, [[[[X, Y], Y], Y], [[[[[[[X, Y], Y], Y], Y], Y], Y], Y]]], [X, Y]]"
15,3,12,60371.0 / 784604620800,"[X, [[[[X, Y], Y], Y], [[[[[[[[[X, Y], Y], Y], Y], Y], Y], Y], Y], Y]]]"
15,5,10,127.0 / 1245404160,"[[X, [[[[X, Y], Y], Y], Y]], [[X, [[[[X, Y], Y], Y], Y]], [[X, Y], Y]]]"
15,5,10,31.0 / 230630400,"[[X, [[[[X, Y], Y], Y], Y]], [[X, [[[[[X, Y], Y], Y], Y], Y]], [X, Y]]]"
15,4,11,193.0 / 12454041600,"[[X, [[[[X, Y], Y], Y], Y]], [X, [[[[[[[X, Y], Y], Y], Y], Y], Y], Y]]]"
15,5,10,41.0 / 518918400,"[[[X, [[[[X, Y], Y], Y], Y]], [X, Y]], [X, [[[[[X, Y], Y], Y], Y], Y]]]"
15,6,9,-113.0 / 129729600,"[[X, [[[[X, Y], Y], Y], Y]], [[X, Y], [[X, Y], [[X, Y], [[X, Y], Y]]]]]"
15,6,9,-2291.0 / 518918400,"[[[X, [[[[X, Y], Y], Y], Y]], [[X, Y], [[X, Y], [[X, Y], Y]]]], [X, Y]]"
15,5,10,-17.0 / 62270208,"[[X, [[[[X, Y], Y], Y], Y]], [[X, Y], [[X, Y], [[[[X, Y], Y], Y], Y]]]]"
15,6,9,-619.0 / 79833600,"[[[[X, [[[[X, Y], Y], Y], Y]], [[X, Y], [[X, Y], Y]]], [X, Y]], [X, Y]]"
15,5,10,-19.0 / 41513472,"[[X, [[[[X, Y], Y], Y], Y]], [[X, Y], [[[X, Y], Y], [[[X, Y], Y], Y]]]]"
15,5,10,-83.0 / 124540416,"[[X, [[[[X, Y], Y], Y], Y]], [[[X, Y], [[[X, Y], Y], Y]], [[X, Y], Y]]]"
15,5,10,-25.0 / 62270208,"[[[X, [[[[X, Y], Y], Y], Y]], [[X, Y], [[[[X, Y], Y], Y], Y]]], [X, Y]]"
15,4,11,727.0 / 12454041600,"[[X, [[[[X, Y], Y], Y], Y]], [[X, Y], [[[[[[X, Y], Y], Y], Y], Y], Y]]]"
15,6,9,-293.0 / 37065600,"[[[[[X, [[[[X, Y], Y], Y], Y]], [[X, Y], Y]], [X, Y]], [X, Y]], [X, Y]]"
15,5,10,-521.0 / 311351040,"[[[X, [[[[X, Y], Y], Y], Y]], [[X, Y], Y]], [[X, Y], [[[X, Y], Y], Y]]]"
15,5,10,-173.0 / 103783680,"[[[[X, [[[[X, Y], Y], Y], Y]], [[X, Y], Y]], [[X, Y], Y]], [[X, Y], Y]]"
15,5,10,-289.0 / 103783680,"[[[X, [[[[X, Y], Y], Y], Y]], [[[X, Y], Y], [[[X, Y], Y], Y]]], [X, Y]]"
15,4,11,59.0 / 4151347200,"[[X, [[[[X, Y], Y], Y], Y]], [[[X, Y], Y], [[[[[X, Y], Y], Y], Y], Y]]]"
15,5,10,-349.0 / 124540416,"[[[X, [[[[X, Y], Y], Y], Y]], [[[X, Y], Y], Y]], [[X, Y], [[X, Y], Y]]]"
15,5,10,-2593.0 / 311351040,"[[[[X, [[[[X, Y], Y], Y], Y]], [[[X, Y], Y], Y]], [[X, Y], Y]], [X, Y]]"
15,4,11,-103.0 / 355829760,"[[X, [[[[X, Y], Y], Y], Y]], [[[[X, Y], Y], Y], [[[[X, Y], Y], Y], Y]]]"
15,5,10,-1847.0 / 1245404160,"[[[[X, [[[[X, Y], Y], Y], Y]], [[[[X, Y], Y], Y], Y]], [X, Y]], [X, Y]]"
15,4,11,-19.0 / 38320128,"[[[X, [[[[X, Y], Y], Y], Y]], [[[[X, Y], Y], Y], Y]], [[[X, Y], Y], Y]]"
15,4,11,-37.0 / 830269440,"[[X, [[[[[X, Y], Y], Y], Y], [[[[[X, Y], Y], Y], Y], Y]]], [[X, Y], Y]]"
15,4,11,293.0 / 830269440,"[[X, [[[[[X, Y], Y], Y], Y], [[[[[[X, Y], Y], Y], Y], Y], Y]]], [X, Y]]"
15,3,12,37391.0 / 348713164800,"[X, [[[[[X, Y], Y], Y], Y], [[[[[[[[X, Y], Y], Y], Y], Y], Y], Y], Y]]]"
15,4,11,31.0 / 4151347200,"[[X, [[[[[X, Y], Y], Y], Y], Y]], [X, [[[[[[X, Y], Y], Y], Y], Y], Y]]]"
15,6,9,-29.0 / 18532800,"[[[[[X, [[[[[X, Y], Y], Y], Y], Y]], [X, Y]], [X, Y]], [X, Y]], [X, Y]]"
15,5,10,-97.0 / 259459200,"[[X, [[[[[X, Y], Y], Y], Y], Y]], [[X, Y], [[X, Y], [[[X, Y], Y], Y]]]]"
15,5,10,-727.0 / 1037836800,"[[X, [[[[[X, Y], Y], Y], Y], Y]], [[[X, Y], [[X, Y], Y]], [[X, Y], Y]]]"
15,5,10,-727.0 / 518918400,"[[[X, [[[[[X, Y], Y], Y], Y], Y]], [[X, Y], [[[X, Y], Y], Y]]], [X, Y]]"
15,4,11,-53.0 / 3459456000,"[[X, [[[[[X, Y], Y], Y], Y], Y]], [[X, Y], [[[[[X, Y], Y], Y], Y], Y]]]"
15,5,10,-523.0 / 207567360,"[[[X, [[[[[X, Y], Y], Y], Y], Y]], [[X, Y], Y]], [[X, Y], [[X, Y], Y]]]"
15,5,10,-151.0 / 41513472,"[[[[X, [[[[[X, Y], Y], Y], Y], Y]], [[X, Y], Y]], [[X, Y], Y]], [X, Y]]"
15,4,11,-739.0 / 4151347200,"[[X, [[[[[X, Y], Y], Y], Y], Y]], [[[X, Y], Y], [[[[X, Y], Y], Y], Y]]]"
15,5,10,-127.0 / 43243200,"[[[[X, [[[[[X, Y], Y], Y], Y], Y]], [[[X, Y], Y], Y]], [X, Y]], [X, Y]]"
15,4,11,-19.0 / 40435200,"[[[X, [[[[[X, Y], Y], Y], Y], Y]], [[[X, Y], Y], Y]], [[[X, Y], Y], Y]]"
15,4,11,-1607.0 / 2075673600,"[[[X, [[[[[X, Y], Y], Y], Y], Y]], [[[[X, Y], Y], Y], Y]], [[X, Y], Y]]"
15,4,11,-2329.0 / 10378368000,"[[[X, [[[[[X, Y], Y], Y], Y], Y]], [[[[[X, Y], Y], Y], Y], Y]], [X, Y]]"
15,3,12,17219.0 / 217945728000,"[X, [[[[[[X, Y], Y], Y], Y], Y], [[[[[[[X, Y], Y], Y], Y], Y], Y], Y]]]"
15,5,10,-719.0 / 1556755200,"[[X, [[[[[[X, Y], Y], Y], Y], Y], Y]], [[X, Y], [[X, Y], [[X, Y], Y]]]]"
15,5,10,-271.0 / 155675520,"[[[X, [[[[[[X, Y], Y], Y], Y], Y], Y]], [[X, Y], [[X, Y], Y]]], [X, Y]]"
15,4,11,-11.0 / 125798400,"[[X, [[[[[[X, Y], Y], Y], Y], Y], Y]], [[X, Y], [[[[X, Y], Y], Y], Y]]]"
15,5,10,-19.0 / 7783776,"[[[[X, [[[[[[X, Y], Y], Y], Y], Y], Y]], [[X, Y], Y]], [X, Y]], [X, Y]]"
15,4,11,-361.0 / 1245404160,"[[X, [[[[[[X, Y], Y], Y], Y], Y], Y]], [[[X, Y], Y], [[[X, Y], Y], Y]]]"
15,4,11,-41.0 / 56609280,"[[[X, [[[[[[X, Y], Y], Y], Y], Y], Y]], [[[X, Y], Y], Y]], [[X, Y], Y]]"
15,4,11,-2797.0 / 6227020800,"[[[X, [[[[[[X, Y], Y], Y], Y], Y], Y]], [[[[X, Y], Y], Y], Y]], [X, Y]]"
15,3,12,-2017.0 / 186810624000,"[[X, [[[[[[X, Y], Y], Y], Y], Y], Y]], [[[[[[X, Y], Y], Y], Y], Y], Y]]"
15,5,10,-1823.0 / 3632428800,"[[[[X, [[[[[[[X, Y], Y], Y], Y], Y], Y], Y]], [X, Y]], [X, Y]], [X, Y]]"
15,4,11,-2599.0 / 21794572800,"[[X, [[[[[[[X, Y], Y], Y], Y], Y], Y], Y]], [[X, Y], [[[X, Y], Y], Y]]]"
15,4,11,-155.0 / 581188608,"[[[X, [[[[[[[X, Y], Y], Y], Y], Y], Y], Y]], [[X, Y], Y]], [[X, Y], Y]]"
15,4,11,-4513.0 / 10897286400,"[[[X, [[[[[[[X, Y], Y], Y], Y], Y], Y], Y]], [[[X, Y], Y], Y]], [X, Y]]"
15,3,12,-71.0 / 3113510400,"[[X, [[[[[[[X, Y], Y], Y], Y], Y], Y], Y]], [[[[[X, Y], Y], Y], Y], Y]]"
15,4,11,-6073.0 / 58118860800,"[[X, [[[[[[[[X, Y], Y], Y], Y], Y], Y], Y], Y]], [[X, Y], [[X, Y], Y]]]"
15,4,11,-8257.0 / 29059430400,"[[[X, [[[[[[[[X, Y], Y], Y], Y], Y], Y], Y], Y]], [[X, Y], Y]], [X, Y]]"
15,3,12,-3889.0 / 174356582400,"[[X, [[[[[[[[X, Y], Y], Y], Y], Y], Y], Y], Y]], [[[[X, Y], Y], Y], Y]]"
15,4,11,-2071.0 / 29059430400,"[[[X, [[[[[[[[[X, Y], Y], Y], Y], Y], Y], Y], Y], Y]], [X, Y]], [X, Y]]"
15,3,12,-1433.0 / 78460462080,"[[X, [[[[[[[[[X, Y], Y], Y], Y], Y], Y], Y], Y], Y]], [[[X, Y], Y], Y]]"
15,3,12,-1247.0 / 118879488000,"[[X, [[[[[[[[[[X, Y], Y], Y], Y], Y], Y], Y], Y], Y], Y]], [[X, Y], Y]]"
15,3,12,-1.0 / 205286400,"[[X, [[[[[[[[[[[X, Y], Y], Y], Y], Y], Y], Y], Y], Y], Y], Y]], [X, Y]]"
15,2,13,-1.0 / 5337446400,"[X, [[[[[[[[[[[[[X, Y], Y], Y], Y], Y], Y], Y], Y], Y], Y], Y], Y], Y]]"
15,7,8,29.0 / 21621600,"[[X, Y], [[X, Y], [[X, Y], [[X, Y], [[X, Y], [[X, Y], [[X, Y], Y]]]]]]]"
15,6,9,-449.0 / 103783680,"[[X, Y], [[X, Y], [[X, Y], [[X, Y], [[X, Y], [[[[X, Y], Y], Y], Y]]]]]]"
15,6,9,191.0 / 259459200,"[[X, Y], [[X, Y], [[X, Y], [[X, Y], [[[X, Y], Y], [[[X, Y], Y], Y]]]]]]"
15,6,9,29.0 / 1853280,"[[X, Y], [[X, Y], [[X, Y], [[[X, Y], [[[X, Y], Y], Y]], [[X, Y], Y]]]]]"
15,5,10,317.0 / 129729600,"[[X, Y], [[X, Y], [[X, Y], [[X, Y], [[[[[[X, Y], Y], Y], Y], Y], Y]]]]]"
15,6,9,191.0 / 43243200,"[[X, Y], [[X, Y], [[[X, Y], [[X, Y], Y]], [[X, Y], [[[X, Y], Y], Y]]]]]"
15,6,9,-613.0 / 86486400,"[[X, Y], [[X, Y], [[[[X, Y], [[X, Y], Y]], [[X, Y], Y]], [[X, Y], Y]]]]"
15,5,10,17.0 / 4435200,"[[X, Y], [[X, Y], [[X, Y], [[[X, Y], Y], [[[[[X, Y], Y], Y], Y], Y]]]]]"
15,6,9,-1.0 / 147840,"[[X, Y], [[[X, Y], [[X, Y], [[[X, Y], Y], Y]]], [[X, Y], [[X, Y], Y]]]]"
15,5,10,-1.0 / 2162160,"[[X, Y], [[X, Y], [[X, Y], [[[[X, Y], Y], Y], [[[[X, Y], Y], Y], Y]]]]]"
15,5,10,-205.0 / 20756736,"[[X, Y], [[X, Y], [[[X, Y], [[[[X, Y], Y], Y], Y]], [[[X, Y], Y], Y]]]]"
15,5,10,-1679.0 / 172972800,"[[X, Y], [[X, Y], [[[X, Y], [[[[[X, Y], Y], Y], Y], Y]], [[X, Y], Y]]]]"
15,4,11,-1247.0 / 2641766400,"[[X, Y], [[X, Y], [[X, Y], [[[[[[[[X, Y], Y], Y], Y], Y], Y], Y], Y]]]]"
15,6,9,-101.0 / 86486400,"[[[X, Y], [[X, Y], [[X, Y], Y]]], [[X, Y], [[X, Y], [[[X, Y], Y], Y]]]]"
15,6,9,-191.0 / 43243200,"[[X, Y], [[[X, Y], [[X, Y], Y]], [[[X, Y], [[X, Y], Y]], [[X, Y], Y]]]]"
15,5,10,-17.0 / 3603600,"[[X, Y], [[[X, Y], [[X, Y], Y]], [[X, Y], [[[[[X, Y], Y], Y], Y], Y]]]]"
15,6,9,1.0 / 295680,"[[[X, Y], [[[X, Y], [[X, Y], Y]], [[X, Y], Y]]], [[X, Y], [[X, Y], Y]]]"
15,5,10,29.0 / 4717440,"[[X, Y], [[X, Y], [[[X, Y], Y], [[[X, Y], Y], [[[[X, Y], Y], Y], Y]]]]]"
15,5,10,-1.0 / 314496,"[[X, Y], [[X, Y], [[[[X, Y], Y], [[[X, Y], Y], Y]], [[[X, Y], Y], Y]]]]"
15,5,10,-1.0 / 329472,"[[X, Y], [[[X, Y], [[[X, Y], Y], [[[[X, Y], Y], Y], Y]]], [[X, Y], Y]]]"
15,4,11,-9277.0 / 7264857600,"[[X, Y], [[X, Y], [[[X, Y], Y], [[[[[[[X, Y], Y], Y], Y], Y], Y], Y]]]]"
15,5,10,-17.0 / 9434880,"[[X, Y], [[[X, Y], [[[X, Y], Y], Y]], [[X, Y], [[[[X, Y], Y], Y], Y]]]]"
15,5,10,263.0 / 51891840,"[[X, Y], [[[X, Y], [[[X, Y], Y], Y]], [[[X, Y], Y], [[[X, Y], Y], Y]]]]"
15,5,10,37.0 / 3243240,"[[X, Y], [[[[X, Y], [[[X, Y], Y], Y]], [[[X, Y], Y], Y]], [[X, Y], Y]]]"
15,4,11,-451.0 / 283046400,"[[X, Y], [[X, Y], [[[[X, Y], Y], Y], [[[[[[X, Y], Y], Y], Y], Y], Y]]]]"
15,5,10,127.0 / 103783680,"[[[X, Y], [[X, Y], [[[[X, Y], Y], Y], Y]]], [[X, Y], [[[X, Y], Y], Y]]]"
15,5,10,197.0 / 17297280,"[[X, Y], [[[[X, Y], [[[[X, Y], Y], Y], Y]], [[X, Y], Y]], [[X, Y], Y]]]"
15,4,11,-389.0 / 2075673600,"[[X, Y], [[X, Y], [[[[[X, Y], Y], Y], Y], [[[[[X, Y], Y], Y], Y], Y]]]]"
15,5,10,313.0 / 172972800,"[[[X, Y], [[X, Y], [[[[[X, Y], Y], Y], Y], Y]]], [[X, Y], [[X, Y], Y]]]"
15,4,11,2237.0 / 1037836800,"[[X, Y], [[[X, Y], [[[[[X, Y], Y], Y], Y], Y]], [[[[X, Y], Y], Y], Y]]]"
15,4,11,257.0 / 119750400,"[[X, Y], [[[X, Y], [[[[[[X, Y], Y], Y], Y], Y], Y]], [[[X, Y], Y], Y]]]"
15,4,11,6101.0 / 3632428800,"[[X, Y], [[[X, Y], [[[[[[[X, Y], Y], Y], Y], Y], Y], Y]], [[X, Y], Y]]]"
15,3,12,277.0 / 7429968000,"[[X, Y], [[X, Y], [[[[[[[[[[X, Y], Y], Y], Y], Y], Y], Y], Y], Y], Y]]]"
15,5,10,-157.0 / 103783680,"[[[X, Y], [[X, Y], Y]], [[X, Y], [[[X, Y], Y], [[[[X, Y], Y], Y], Y]]]]"
15,5,10,5.0 / 1482624,"[[[X, Y], [[X, Y], Y]], [[[X, Y], [[[X, Y], Y], Y]], [[[X, Y], Y], Y]]]"
15,5,10,739.0 / 103783680,"[[[X, Y], [[X, Y], Y]], [[[X, Y], [[[[X, Y], Y], Y], Y]], [[X, Y], Y]]]"
15,4,11,1457.0 / 2421619200,"[[[X, Y], [[X, Y], Y]], [[X, Y], [[[[[[[X, Y], Y], Y], Y], Y], Y], Y]]]"
15,5,10,157.0 / 103783680,"[[[[X, Y], [[X, Y], Y]], [[X, Y], Y]], [[X, Y], [[[[X, Y], Y], Y], Y]]]"
15,5,10,29.0 / 11531520,"[[X, Y], [[[X, Y], Y], [[[X, Y], Y], [[[X, Y], Y], [[[X, Y], Y], Y]]]]]"
15,5,10,-19.0 / 4942080,"[[[X, Y], [[[X, Y], Y], [[[X, Y], Y], [[[X, Y], Y], Y]]]], [[X, Y], Y]]"
15,4,11,-1693.0 / 691891200,"[[X, Y], [[[X, Y], Y], [[[X, Y], Y], [[[[[[X, Y], Y], Y], Y], Y], Y]]]]"
15,5,10,1.0 / 1729728,"[[[X, Y], [[[X, Y], Y], [[[X, Y], Y], Y]]], [[X, Y], [[[X, Y], Y], Y]]]"
15,5,10,-233.0 / 103783680,"[[[[X, Y], [[[X, Y], Y], [[[X, Y], Y], Y]]], [[X, Y], Y]], [[X, Y], Y]]"
15,4,11,-83.0 / 41513472,"[[X, Y], [[[X, Y], Y], [[[[X, Y], Y], Y], [[[[[X, Y], Y], Y], Y], Y]]]]"
15,4,11,1457.0 / 830269440,"[[X, Y], [[[[X, Y], Y], [[[[X, Y], Y], Y], Y]], [[[[X, Y], Y], Y], Y]]]"
15,4,11,1997.0 / 518918400,"[[X, Y], [[[[X, Y], Y], [[[[[X, Y], Y], Y], Y], Y]], [[[X, Y], Y], Y]]]"
15,4,11,2683.0 / 2075673600,"[[[X, Y], [[[X, Y], Y], [[[[[[X, Y], Y], Y], Y], Y], Y]]], [[X, Y], Y]]"
15,3,12,16993.0 / 130767436800,"[[X, Y], [[[X, Y], Y], [[[[[[[[[X, Y], Y], Y], Y], Y], Y], Y], Y], Y]]]"
15,5,10,97.0 / 51891840,"[[[X, Y], [[[X, Y], Y], Y]], [[[X, Y], [[[X, Y], Y], Y]], [[X, Y], Y]]]"
15,4,11,1709.0 / 3113510400,"[[[X, Y], [[[X, Y], Y], Y]], [[X, Y], [[[[[[X, Y], Y], Y], Y], Y], Y]]]"
15,5,10,-61.0 / 14826240,"[[[[[X, Y], [[[X, Y], Y], Y]], [[X, Y], Y]], [[X, Y], Y]], [[X, Y], Y]]"
15,4,11,107.0 / 148262400,"[[[X, Y], [[[X, Y], Y], Y]], [[[X, Y], Y], [[[[[X, Y], Y], Y], Y], Y]]]"
15,4,11,-11.0 / 6289920,"[[X, Y], [[[[X, Y], Y], Y], [[[[X, Y], Y], Y], [[[[X, Y], Y], Y], Y]]]]"
15,4,11,-25.0 / 41513472,"[[[X, Y], [[[[X, Y], Y], Y], [[[[X, Y], Y], Y], Y]]], [[[X, Y], Y], Y]]"
15,4,11,11.0 / 13478400,"[[[X, Y], [[[[X, Y], Y], Y], [[[[[X, Y], Y], Y], Y], Y]]], [[X, Y], Y]]"
15,3,12,703.0 / 2724321600,"[[X, Y], [[[[X, Y], Y], Y], [[[[[[[[X, Y], Y], Y], Y], Y], Y], Y], Y]]]"
15,4,11,443.0 / 2075673600,"[[[X, Y], [[[[X, Y], Y], Y], Y]], [[X, Y], [[[[[X, Y], Y], Y], Y], Y]]]"
15,4,11,-79.0 / 276756480,"[[[X, Y], [[[[X, Y], Y], Y], Y]], [[[X, Y], Y], [[[[X, Y], Y], Y], Y]]]"
15,4,11,-53.0 / 29652480,"[[[[X, Y], [[[[X, Y], Y], Y], Y]], [[[X, Y], Y], Y]], [[[X, Y], Y], Y]]"
15,4,11,-17.0 / 10782720,"[[[[X, Y], [[[[X, Y], Y], Y], Y]], [[[[X, Y], Y], Y], Y]], [[X, Y], Y]]"
15,3,12,1241.0 / 4358914560,"[[X, Y], [[[[[X, Y], Y], Y], Y], [[[[[[[X, Y], Y], Y], Y], Y], Y], Y]]]"
15,4,11,-1163.0 / 1037836800,"[[[X, Y], [[[[[X, Y], Y], Y], Y], Y]], [[[X, Y], Y], [[[X, Y], Y], Y]]]"
15,4,11,-547.0 / 172972800,"[[[[X, Y], [[[[[X, Y], Y], Y], Y], Y]], [[[X, Y], Y], Y]], [[X, Y], Y]]"
15,3,12,349.0 / 3891888000,"[[X, Y], [[[[[[X, Y], Y], Y], Y], Y], [[[[[[X, Y], Y], Y], Y], Y], Y]]]"
15,4,11,-2797.0 / 2075673600,"[[[[X, Y], [[[[[[X, Y], Y], Y], Y], Y], Y]], [[X, Y], Y]], [[X, Y], Y]]"
15,3,12,-2251.0 / 15567552000,"[[[X, Y], [[[[[[X, Y], Y], Y], Y], Y], Y]], [[[[[X, Y], Y], Y], Y], Y]]"
15,3,12,-3187.0 / 21794572800,"[[[X, Y], [[[[[[[X, Y], Y], Y], Y], Y], Y], Y]], [[[[X, Y], Y], Y], Y]]"
15,3,12,-5527.0 / 43589145600,"[[[X, Y], [[[[[[[[X, Y], Y], Y], Y], Y], Y], Y], Y]], [[[X, Y], Y], Y]]"
15,3,12,-10441.0 / 130767436800,"[[[X, Y], [[[[[[[[[X, Y], Y], Y], Y], Y], Y], Y], Y], Y]], [[X, Y], Y]]"
15,2,13,-1.0 / 821145600,"[[X, Y], [[[[[[[[[[[[X, Y], Y], Y], Y], Y], Y], Y], Y], Y], Y], Y], Y]]"
15,4,11,-527.0 / 230630400,"[[[X, Y], Y], [[[X, Y], Y], [[[X, Y], Y], [[[[[X, Y], Y], Y], Y], Y]]]]"
15,4,11,-113.0 / 415134720,"[[[X, Y], Y], [[[X, Y], Y], [[[[X, Y], Y], Y], [[[[X, Y], Y], Y], Y]]]]"
15,4,11,41.0 / 9884160,"[[[X, Y], Y], [[[[X, Y], Y], [[[[X, Y], Y], Y], Y]], [[[X, Y], Y], Y]]]"
15,3,12,59.0 / 230630400,"[[[X, Y], Y], [[[X, Y], Y], [[[[[[[[X, Y], Y], Y], Y], Y], Y], Y], Y]]]"
15,4,11,31.0 / 31933440,"[[[[X, Y], Y], [[[X, Y], Y], Y]], [[[X, Y], Y], [[[[X, Y], Y], Y], Y]]]"
15,4,11,-29.0 / 44478720,"[[[[[X, Y], Y], [[[X, Y], Y], Y]], [[[X, Y], Y], Y]], [[[X, Y], Y], Y]]"
15,3,12,17.0 / 39626496,"[[[X, Y], Y], [[[[X, Y], Y], Y], [[[[[[[X, Y], Y], Y], Y], Y], Y], Y]]]"
15,3,12,109.0 / 345945600,"[[[X, Y], Y], [[[[[X, Y], Y], Y], Y], [[[[[[X, Y], Y], Y], Y], Y], Y]]]"
15,3,12,-929.0 / 5189184000,"[[[[X, Y], Y], [[[[[X, Y], Y], Y], Y], Y]], [[[[[X, Y], Y], Y], Y], Y]]"
15,3,12,-1.0 / 2702700,"[[[[X, Y], Y], [[[[[[X, Y], Y], Y], Y], Y], Y]], [[[[X, Y], Y], Y], Y]]"
15,3,12,-391.0 / 1089728640,"[[[[X, Y], Y], [[[[[[[X, Y], Y], Y], Y], Y], Y], Y]], [[[X, Y], Y], Y]]"
15,2,13,-631.0 / 145297152000,"[[[X, Y], Y], [[[[[[[[[[[X, Y], Y], Y], Y], Y], Y], Y], Y], Y], Y], Y]]"
15,3,12,449.0 / 934053120,"[[[[X, Y], Y], Y], [[[[X, Y], Y], Y], [[[[[[X, Y], Y], Y], Y], Y], Y]]]"
15,3,12,43.0 / 311351040,"[[[[X, Y], Y], Y], [[[[[X, Y], Y], Y], Y], [[[[[X, Y], Y], Y], Y], Y]]]"
15,3,12,-1273.0 / 3113510400,"[[[[[X, Y], Y], Y], [[[[[X, Y], Y], Y], Y], Y]], [[[[X, Y], Y], Y], Y]]"
15,2,13,-1247.0 / 118879488000,"[[[[X, Y], Y], Y], [[[[[[[[[[X, Y], Y], Y], Y], Y], Y], Y], Y], Y], Y]]"
15,2,13,-1759.0 / 104613949440,"[[[[[X, Y], Y], Y], Y], [[[[[[[[[X, Y], Y], Y], Y], Y], Y], Y], Y], Y]]"
15,2,13,-331.0 / 19372953600,"[[[[[[X, Y], Y], Y], Y], Y], [[[[[[[[X, Y], Y], Y], Y], Y], Y], Y], Y]]"
15,2,13,-229.0 / 31135104000,"[[[[[[[X, Y], Y], Y], Y], Y], Y], [[[[[[[X, Y], Y], Y], Y], Y], Y], Y]]"
15,1,14,1.0 / 74724249600,"[[[[[[[[[[[[[[X, Y], Y], Y], Y], Y], Y], Y], Y], Y], Y], Y], Y], Y], Y]"
